15.0 400.0 1.4525885361258282e-06 7.971796876057979e-07 2.465308575195086e-06 1.3396051113451497e-06
15.0 600.0 5.256156647755592e-06 1.4482370063215223e-07 6.649388690658619e-06 1.3940054617422176e-06
15.0 700.0 1.5094334316298477e-05 1.6416573231199847e-07 1.8017921146345274e-05 4.692700034791127e-07
15.0 750.0 1.6929054736976792e-05 4.6019412544112033e-07 2.1681230375669816e-05 2.390400984536319e-07
15.0 800.0 2.2828410851091472e-05 9.05153386998564e-07 2.6601881721193367e-05 5.945082622912749e-07
15.0 850.0 2.7727279244978226e-05 5.951588581651068e-07 3.2714371720468146e-05 5.591907438098657e-07
15.0 900.0 3.4774761010920055e-05 7.173396914302522e-07 3.951509991265706e-05 9.981483934299799e-07
15.0 950.0 4.353927753320224e-05 5.051300536165982e-06 4.983829011883963e-05 5.777993028369396e-06
15.0 1000.0 4.485246955549179e-05 6.029751919899258e-07 5.456000688764591e-05 1.3290103980837374e-06
15.0 1075.0 5.563313826227416e-05 2.9601479270557675e-06 6.552168202135683e-05 3.3070641066319184e-06
15.0 1125.0 6.058681337215731e-05 4.2277305654072806e-06 7.405899116601802e-05 7.330128015297089e-07
15.0 1200.0 7.385728725691573e-05 4.5623432616810565e-06 8.696758300793969e-05 5.2224384474311326e-06
15.0 1250.0 7.897401973476382e-05 9.465848203713842e-07 9.361227308366217e-05 8.693740355712132e-07
15.0 1325.0 8.737395189703046e-05 4.372859031501656e-06 0.00010750106658990999 3.1713663404960772e-06
15.0 1375.0 9.801885155482407e-05 1.6621975285693907e-06 0.00011880373279432622 3.3044801656604284e-06
15.0 1450.0 0.00010850663825465599 3.289263737360234e-06 0.00013407592503748595 5.572801910665626e-06
15.0 1500.0 0.00011881877671356804 2.8319251621342637e-07 0.0001440369035178108 2.668818703494269e-06
15.0 1525.0 0.00012119767763525703 4.122730194558866e-06 0.00014834147390870757 3.110692872794048e-06
15.0 1575.0 0.00012770531851320497 1.5344732415816168e-06 0.00015588896903568177 1.3859216402815733e-06
15.0 1625.0 0.00013131768447636251 5.721828627905801e-06 0.00016318507686696892 7.694091632958082e-06
15.0 1650.0 0.00013403086740938799 3.738568837744172e-06 0.0001741435278972528 9.56232148042459e-06
15.0 1700.0 0.00015400220895428162 8.954360686402357e-06 0.00019185263131524447 8.733307153564655e-06
15.0 1750.0 0.0001457301694978527 3.0120436854895813e-06 0.00019118636215433528 3.3169934224439e-06
15.0 1775.0 0.00016418872079367527 2.818595123110305e-06 0.00020540403284432355 1.660849175395211e-06
15.0 1825.0 0.00016836173802203808 3.5597759336190918e-06 0.00021940977296341457 8.019556504253833e-06
15.0 1875.0 0.0001764792241242052 7.786675267844305e-07 0.00021827714440177335 6.214879758559441e-06
15.0 1900.0 0.000181421721730103 4.262123448494659e-06 0.00022978933043116782 1.1367778445367774e-06
15.0 1950.0 0.00018587370214696598 4.596446010475278e-06 0.00023141015548088612 1.2501811269183941e-05
15.0 2000.0 0.00020846734091790588 2.42259413908917e-06 0.00027044555088476344 4.474577139129807e-06
15.0 2025.0 0.00019177769199116304 1.4565694861867288e-05 0.00025739656937694177 4.236871092993658e-06
15.0 2075.0 0.00021217299471778915 7.915278819397835e-06 0.0002736559939722202 4.4317787584876216e-07
15.0 2100.0 0.000233473661679098 1.0441982059151907e-05 0.00029455205750464087 1.0175375693106345e-05
15.0 2125.0 0.00021285449853162964 6.029285270878671e-06 0.000285736679940201 6.03140430564905e-06
15.0 2175.0 0.000238180612057087 8.657521836894885e-06 0.00030491774774221486 7.589965267176702e-06
15.0 2200.0 0.000232751627898399 6.034057323841147e-06 0.00030516663198224404 1.5779486944953102e-05
15.0 2250.0 0.00023900129707385298 4.086576909301402e-06 0.0003168539557023414 3.9006841076834794e-08
15.0 2275.0 0.00024800948659318143 1.351871444542437e-06 0.0003190521266523707 1.3287171208432073e-06
15.0 2325.0 0.00025900205297659136 5.926864920351883e-07 0.00034255259623046776 1.1366186294575828e-05
15.0 2375.0 0.0002724537453317084 1.3339590714918496e-05 0.0003611676066232236 1.1037059396669947e-05
15.0 2400.0 0.00027781907074691517 2.2102468727860667e-06 0.0003662001313421123 1.7195556688552336e-05
15.0 2450.0 0.00028294089843568297 4.97811946891756e-06 0.00038067049301679406 2.507804036318036e-06
15.0 2500.0 0.000294305181946132 6.268209093455173e-06 0.00040814881545210357 3.6827638871440804e-06
15.0 2525.0 0.0003013126029026727 3.689257323415666e-06 0.0004055686163922485 1.950340069609287e-06
15.0 2575.0 0.0003051905808096518 2.9544870173928336e-06 0.0004343947699371346 8.254596559848024e-07
15.0 2625.0 0.0003272583918334489 1.2928234685999723e-07 0.0004364152254637672 5.933758452352874e-06
15.0 2650.0 0.0003281936175403422 1.3488404251229548e-06 0.00044168046046499704 8.999434123114252e-06
15.0 2700.0 0.0003469464456413491 1.4311716566502497e-05 0.0004510864355240597 6.6193631386854085e-06
15.0 2750.0 0.00034181261595254644 9.06214482387006e-06 0.0004842749557370973 5.280351587638747e-06
15.0 2800.0 0.0003631879238283391 7.025580337535272e-07 0.0004939319699921808 4.674340434580593e-06
15.0 2875.0 0.00036020064765776203 1.2747247865388101e-05 0.0005250342872555911 2.5270409613360022e-06
15.0 2925.0 0.0004005852504027084 1.964973625024828e-06 0.00054468075781517 4.1281754217254255e-06
15.0 3050.0 0.00043130016325441034 2.8687879827206626e-05 0.0005923440212865377 1.0050000461972353e-05
15.0 3125.0 0.0004199102451665751 3.5390711192769454e-07 0.0006122922249853212 1.0691963235890138e-05
15.0 3250.0 0.0004513884871657169 7.411540674624758e-06 0.0006606014479935326 6.613729851969375e-06
15.0 3750.0 0.0006099658283492361 1.1840024864395638e-05 0.0009493032768390384 1.5201643865278018e-05
15.0 4250.0 0.000707984805532932 4.110841911372975e-05 0.001167298432574781 4.9451803370601514e-05
20.0 400.0 7.756876539128963e-07 4.515271467898825e-07 1.5640061596140967e-06 9.37966475497963e-07
20.0 600.0 2.9843673148589515e-06 1.4611562957053909e-06 5.681111772096856e-06 2.571073929058751e-06
20.0 700.0 6.402716912164923e-06 6.807012080407863e-07 1.0616333542765505e-05 2.0407538494828535e-06
20.0 750.0 8.180740873884883e-06 5.1242618931048036e-08 1.298271457412171e-05 7.793885852974506e-07
20.0 800.0 1.1144502435932991e-05 9.496300889723836e-07 1.6873051507471762e-05 2.228253945993681e-06
20.0 850.0 1.4982516238919527e-05 2.5137132241640027e-07 2.274776028824767e-05 8.741494400348234e-07
20.0 900.0 1.9988876547176506e-05 3.951856666644234e-07 2.9806048179057056e-05 9.730258329647025e-07
20.0 950.0 2.350702560190607e-05 1.505659953825426e-06 3.4228601952572096e-05 1.0144514601013345e-06
20.0 1000.0 2.728725004801685e-05 9.733053930447191e-07 3.9981971169075764e-05 1.248271403760204e-06
20.0 1075.0 3.516537389521832e-05 1.1763267870998167e-07 4.849270873192089e-05 1.0088308912560815e-06
20.0 1100.0 3.62660930319332e-05 1.7842177962216545e-06 5.358965575345524e-05 1.1605073934709035e-06
20.0 1125.0 4.0383858853750416e-05 2.5875232459680267e-06 5.6774949214500663e-05 1.192512174894737e-06
20.0 1200.0 4.7674173416442594e-05 5.795405147005014e-07 6.92601151628582e-05 5.991126769574251e-07
20.0 1250.0 5.3635469046859686e-05 4.2210384562779815e-06 7.672597408046449e-05 2.727755719726484e-06
20.0 1300.0 5.587344171094047e-05 7.036135881278272e-07 8.139714869068064e-05 1.3343704534221438e-06
20.0 1325.0 5.886503199112613e-05 1.2072638776387348e-06 8.562484274157904e-05 1.2756435846512426e-06
20.0 1350.0 6.276503847692501e-05 4.467498706078469e-06 9.235129949978681e-05 2.5288793060586216e-06
20.0 1375.0 7.182535965548939e-05 3.4763117601560814e-06 0.00010046554054579547 3.52664744372316e-06
20.0 1400.0 6.952409089955634e-05 2.1494086613342253e-06 9.936378102756835e-05 1.6517799382365529e-06
20.0 1450.0 6.80833838890603e-05 1.1985281127201431e-06 0.00010631629981361013 2.6199488026267776e-06
20.0 1500.0 7.190959413211692e-05 4.498388054464667e-06 0.00011391693004165896 2.4536400531766606e-06
20.0 1525.0 8.366964792579807e-05 3.260106546805982e-06 0.00012692348245999823 6.990365485981014e-07
20.0 1575.0 8.63882176310591e-05 6.995568222777316e-06 0.0001302375457682661 6.76144156400133e-06
20.0 1600.0 9.145557764562481e-05 8.912324454169488e-07 0.0001349893851863253 2.3248984660698397e-06
20.0 1625.0 9.112170073936336e-05 4.840475107058022e-07 0.00014331196452568057 4.649991672181623e-06
20.0 1650.0 0.00010060165484988158 3.1068045821438223e-06 0.00015104740475481923 3.82919435816899e-06
20.0 1700.0 0.00010319552121002043 4.811356259609711e-06 0.00015689307319921217 6.147299776563594e-06
20.0 1750.0 0.000109119731425396 3.224089964644117e-06 0.0001695687030612455 6.809551747153675e-06
20.0 1775.0 0.00011922019745231081 2.404604859197098e-08 0.00018417151750550726 9.016390907953032e-07
20.0 1800.0 0.00012138647575899724 5.301502009991843e-06 0.0001827186449884079 7.244223231096155e-07
20.0 1825.0 0.00012140616907804239 9.928079223312811e-07 0.00018500487201973434 2.729265537883485e-06
20.0 1875.0 0.00013202316146936226 2.93812794837256e-06 0.00019870893471157363 2.387510693450897e-06
20.0 1900.0 0.00012909990837792933 2.0657211054425194e-06 0.00020286732498484046 6.133466219798785e-07
20.0 1950.0 0.00014024319122586147 2.197096262943606e-06 0.0002224921348977514 4.897420517686157e-07
20.0 2000.0 0.00014759997680567836 2.3381109326026106e-08 0.00023389439097353028 2.2432948979186722e-06
20.0 2025.0 0.00015211711863099658 5.622696871718229e-06 0.000231632618360268 1.3144128047626326e-06
20.0 2075.0 0.00016481602297510525 5.185988154338084e-06 0.0002567017646382308 1.0601237588864576e-05
20.0 2100.0 0.000167243052696032 3.578411565848875e-06 0.00026697783885091473 2.482575979371937e-06
20.0 2125.0 0.00016753047132891705 5.336386230450504e-06 0.000263233831453322 7.90566993980552e-06
20.0 2175.0 0.00018030549732224907 6.59552707345575e-07 0.00028091479633387216 6.922399047592028e-07
20.0 2200.0 0.00018690435507179385 2.9895107337078123e-06 0.0002982540816462962 5.586373163607068e-07
20.0 2250.0 0.00019429932314456825 4.480440482937572e-08 0.0003065934770500856 2.0150606036367573e-06
20.0 2275.0 0.00019718713467156647 1.0991344285698666e-06 0.00030862634965096627 1.5958971787456793e-06
20.0 2325.0 0.00019914883646261262 5.1226162905266236e-06 0.00031743164336541646 5.9219475970368e-06
20.0 2375.0 0.00020480136757700814 4.0391350384134663e-07 0.00033074801893933655 6.359603720840539e-06
20.0 2400.0 0.0002153104899495741 6.236031536507433e-06 0.0003571409739247562 9.486616584121539e-06
20.0 2450.0 0.00021675955078404027 1.1139162619369462e-05 0.00035312950818557363 6.002491832578076e-06
20.0 2500.0 0.00021353867615365633 8.47098006651062e-06 0.0003725254886434035 2.018111146364188e-06
20.0 2525.0 0.0002383628588766913 1.0483359814854037e-05 0.00038228638202453865 7.4360300372556295e-06
20.0 2575.0 0.0002489632393956752 2.930866038478393e-06 0.0004035065448983299 4.4975657634532595e-06
20.0 2600.0 0.0002451514758347004 2.739389378341765e-06 0.0004212099510719411 1.1009635852919104e-05
20.0 2625.0 0.00024766603547691596 1.0568583587651226e-07 0.000412217973007276 7.535084434474282e-06
20.0 2650.0 0.0002579598784488161 6.013213774619623e-06 0.00041845769140289876 1.1557574668048965e-06
20.0 2700.0 0.00026838851995933844 1.800943925308059e-06 0.00044448540072589707 2.4335355136503384e-06
20.0 2750.0 0.0002785592284199622 1.2812883101714409e-05 0.000464578656558395 1.3296599685430946e-05
20.0 2800.0 0.0002767046079307038 4.564254816065431e-06 0.0004663728815185503 5.848767888297247e-07
20.0 2875.0 0.0002907418754634939 7.910109440957551e-06 0.00048770780885145525 6.93669273294768e-06
20.0 2925.0 0.0003047923745550459 9.869061592922594e-06 0.0005154528511828038 2.7064244346600635e-06
20.0 3000.0 0.0003202580430608927 2.05764052245625e-06 0.0005706298403172518 2.890338648759953e-06
20.0 3050.0 0.00033836042696090533 9.556708731082018e-07 0.0005635836899140112 1.9455378043500577e-06
20.0 3125.0 0.0003445606916730741 7.368027876444749e-06 0.0006119579562589716 1.1840425096287473e-05
20.0 3200.0 0.0003699580152050379 8.986770859820996e-06 0.0006292883565903329 2.1181345754807643e-06
20.0 3250.0 0.0003657622088117075 3.393822221727009e-06 0.0006577898282557265 8.017875107790336e-06
20.0 3400.0 0.00038713379618813897 4.335007476282312e-07 0.0006966648332686137 1.844201353052283e-05
20.0 3500.0 0.0004247214969481189 3.898389080163718e-05 0.0007608399535770949 1.8617484809996064e-05
20.0 3600.0 0.0004437025042622545 1.2945014074048504e-06 0.0008286864347157277 2.1568185338701442e-05
20.0 3800.0 0.0004948138951309218 2.047391506580443e-06 0.0008888705342323744 3.970507086495031e-06
20.0 4000.0 0.0005448125443265824 1.15845986367401e-05 0.0009982995808973305 3.2007464599477233e-06
20.0 4200.0 0.0005881233476220587 1.774698516019472e-05 0.0011020975261044803 1.039073565173254e-06
20.0 4400.0 0.0006391194463832236 1.2467622904612459e-05 0.0012393366760196716 1.8695580847559513e-05
20.0 4500.0 0.0006660133019257944 3.002505492334689e-05 0.0012778159288414528 2.245235141511183e-05
20.0 4600.0 0.0006749465303822993 5.570135189406263e-07 0.0013907615358234645 4.406233907396148e-06
20.0 4800.0 0.0007135394861717355 4.148323763397362e-06 0.0015031974866538127 8.753481314011563e-06
25.0 1250.0 3.787465992205167e-05 6.16092701957834e-07 7.300597797565004e-05 2.018691134245228e-06
25.0 1750.0 9.037367308903944e-05 4.5929685469475215e-06 0.00016789169055685148 5.170968610396202e-06
25.0 2250.0 0.00014585328730893976 2.506315469351443e-06 0.00029055295178429387 2.3851906275287625e-06
25.0 2550.0 0.00019747158559750891 2.0189606944538568e-06 0.00039106158087742385 1.7233732647260543e-06
25.0 2750.0 0.0002234851289430136 6.527099195727211e-06 0.0004447785182707015 2.6312115033195307e-06
25.0 2950.0 0.0002575068930636766 6.677969193461605e-07 0.000529742586272637 6.477147119621929e-06
25.0 3150.0 0.0002808253430938469 3.4645097176910925e-06 0.0006120829043649726 1.1108985868541706e-05
25.0 3250.0 0.00030741562768097004 8.334409412219272e-06 0.0006475188620347211 5.82510083930945e-06
25.0 3350.0 0.0003190357613048038 1.9039891623653678e-06 0.000679852637198358 6.339205630987917e-06
25.0 3550.0 0.00036895908220339603 8.631350562033162e-06 0.0007597308204581212 8.886213735183427e-08
25.0 3750.0 0.0003912310265395938 1.9243601567650794e-05 0.000873679986571027 8.908902593343153e-06
25.0 3950.0 0.0004223590715475637 4.058546327736797e-06 0.000978716357371922 8.17503098168621e-06
25.0 4150.0 0.0004867369636754493 7.975444012189304e-06 0.0010737999928045108 1.4571688193250708e-05
25.0 4250.0 0.0005004169743757765 9.662395811082903e-06 0.0011295246912501502 7.748397192154972e-06
25.0 4350.0 0.0005267525110071726 4.829345762854764e-06 0.0012394026803397888 1.6756808454347074e-05
25.0 4550.0 0.0005573272215700862 1.9505508848296317e-05 0.0013345729202385007 3.6360082527325e-06
30.0 400.0 7.227084278817746e-07 3.752177201071183e-07 1.8380199313170355e-06 8.060159070431199e-07
30.0 600.0 1.613009887533129e-06 6.151529963994429e-07 5.871736429513006e-06 1.244998780126551e-06
30.0 700.0 2.4847873562398516e-06 1.2045654411017348e-06 9.62083102417598e-06 2.5585723832097184e-06
30.0 750.0 2.9946624957791944e-06 1.6557702770650824e-07 1.0794596334284672e-05 2.715292035925036e-06
30.0 800.0 3.593854163278456e-06 1.8010791640503122e-07 1.2554124300947153e-05 2.186299817271025e-06
30.0 850.0 4.363104060621479e-06 9.178457185296676e-07 1.8896786332676256e-05 1.9294542242931813e-06
30.0 900.0 5.6963606921304095e-06 1.4214802922851502e-06 2.406414076772838e-05 1.2142343235626277e-06
30.0 950.0 8.376276320764927e-06 3.95371545245012e-09 2.9519726325316633e-05 4.157458875245564e-07
30.0 1000.0 1.0393856924549979e-05 1.2822267707354267e-07 3.446776098218386e-05 1.2244091344359202e-06
30.0 1075.0 1.5120156361734308e-05 4.451367267522137e-07 4.5154848507264926e-05 3.6481564252606815e-06
30.0 1100.0 1.4720260299994072e-05 3.597642025666879e-07 4.753420946892972e-05 2.1563127469479415e-07
30.0 1125.0 1.8278830133502964e-05 1.4675164982936882e-06 5.182550930759171e-05 2.4508003879930683e-06
30.0 1200.0 2.0311839321856807e-05 2.1039188680493466e-06 6.176383892176883e-05 1.514567582826243e-06
30.0 1250.0 2.514434800577894e-05 2.04035997917979e-06 7.144620273249635e-05 1.7821497687837917e-06
30.0 1300.0 2.755849542124586e-05 2.76341688415541e-06 7.561198013763103e-05 1.4870239632775118e-06
30.0 1325.0 2.952603662010359e-05 4.7380024332857044e-07 8.04463388672498e-05 1.33714000198261e-06
30.0 1350.0 3.4692019016021795e-05 1.991113094694251e-06 8.685769105084705e-05 1.5185079964372684e-06
30.0 1375.0 3.2349929810174565e-05 6.070979907239667e-07 9.104123136809514e-05 2.785623285684924e-06
30.0 1400.0 3.590683599204671e-05 1.7858284428584614e-08 9.42915967565702e-05 5.985808273552218e-07
30.0 1450.0 3.679803176955555e-05 6.715148957670373e-07 0.0001023571078586597 5.439662453582923e-07
30.0 1500.0 4.595932357492682e-05 2.417010237546887e-07 0.00011703404851250581 4.77244551910451e-06
30.0 1525.0 5.137389142407482e-05 1.1050725907470658e-06 0.0001231903426961133 1.3016328503640282e-06
30.0 1575.0 4.870507121710971e-05 1.0516851755104936e-06 0.00012770305001898514 1.2551510711789505e-06
30.0 1600.0 5.3744021808145587e-05 2.377874733260869e-06 0.00013681029501504921 3.969238113508392e-06
30.0 1625.0 5.458523372883191e-05 1.9795239615136853e-07 0.00013880375710002637 2.8956731891008225e-06
30.0 1650.0 5.5999959486225684e-05 7.539552722511427e-07 0.00014552155693229162 3.1623245881008478e-06
30.0 1700.0 6.628781592585532e-05 1.6069077636192365e-06 0.00016188293747235972 2.6196686656739577e-06
30.0 1750.0 6.939444630558779e-05 9.545730805214037e-07 0.00017205216472403277 3.7406385309788648e-06
30.0 1775.0 6.737897095801954e-05 6.276234822570374e-07 0.00017607475046476953 3.3197551545926483e-06
30.0 1800.0 7.082959071677096e-05 4.071988107713668e-06 0.00017824548664573925 1.3891373289980358e-07
30.0 1825.0 7.187085285139643e-05 2.971422883832083e-07 0.00018256703947652024 2.2673330085714782e-07
30.0 1875.0 8.563856500116183e-05 2.003082618034635e-06 0.00020158116238785842 1.8487258942682772e-06
30.0 1900.0 8.560321784331812e-05 3.5237684781007565e-06 0.000203559164856797 9.69458432666833e-07
30.0 1950.0 8.777348079978806e-05 1.3095134018942454e-05 0.00021581671911595623 5.518326057568916e-06
30.0 2000.0 9.796485901107191e-05 3.7509812313230034e-08 0.0002432291145533946 9.250500180417732e-06
30.0 2025.0 9.272030575573012e-05 3.452692490963975e-06 0.0002352238529932588 6.646955715664909e-06
30.0 2075.0 0.00010434149120314985 1.2137187845621936e-06 0.00024849296189389576 1.0424357923698359e-05
30.0 2100.0 0.00010496353987480527 2.535177109780773e-06 0.00025672103501226843 1.776558552204577e-06
30.0 2125.0 0.00010459993291230117 4.1630286129712425e-06 0.00026017444261800833 3.653481680488099e-06
30.0 2175.0 0.00011000567840494392 4.16544187441592e-06 0.0002750021926407746 5.311681130762599e-08
30.0 2200.0 0.000119877876010973 2.769119407982412e-07 0.0002794420564691697 8.392556343696327e-06
30.0 2250.0 0.00011831001979103856 5.107364770924513e-06 0.00029298303065637357 4.247206604965174e-06
30.0 2275.0 0.00012488968232796715 7.12616603727485e-06 0.0002963835774459928 4.121985129146625e-06
30.0 2325.0 0.00012962493281964936 1.998670092527388e-06 0.0003145795545851181 2.5613576085990057e-06
30.0 2375.0 0.00013990021883321263 7.438948771436864e-06 0.00032877741386286573 3.99726079545486e-06
30.0 2400.0 0.0001409388330211029 7.082566171358125e-07 0.0003448819830407146 6.5307724237315525e-06
30.0 2450.0 0.00014596557955429522 6.4447683159379366e-06 0.0003516105897379486 9.412049621819e-06
30.0 2500.0 0.00014744369514127964 7.454845933252037e-06 0.00036623285838962514 7.531424184749014e-06
30.0 2525.0 0.00015345579637603753 6.949052830033257e-06 0.00038621821368278855 3.1024853694073747e-06
30.0 2575.0 0.00015966129675706268 7.978321165886963e-07 0.0003974178147389271 4.3939723884544255e-06
30.0 2600.0 0.00016653599147728235 1.0892613092894354e-06 0.00040044622979292166 3.992910237085597e-06
30.0 2625.0 0.00016644530034145576 1.7698905199915831e-07 0.0004114763855874892 7.31976009556276e-06
30.0 2650.0 0.00016528645641668182 1.648464961731196e-06 0.00042277447550983035 1.319595113049162e-06
30.0 2700.0 0.0001825156813957542 3.559067345895365e-06 0.0004338898186317597 4.495637780324647e-06
30.0 2750.0 0.00019346838533793555 6.735824141840634e-07 0.00045527698597221236 7.92966435136074e-06
30.0 2800.0 0.00019388051160370274 4.661419481437716e-06 0.00048089856687949495 5.138538050421194e-06
30.0 2875.0 0.0002008705518407861 2.4036053903659187e-06 0.0004961143176702602 9.46957941695826e-06
30.0 2925.0 0.0002231891017154196 6.940819004313455e-06 0.0005233711792314502 2.538369113121834e-06
30.0 3000.0 0.00021905123547371854 1.0367845884626743e-05 0.0005465501985556539 7.155097107842087e-07
30.0 3050.0 0.00023047066901427706 4.021116559777616e-06 0.0005715336163378933 4.810588071191013e-06
30.0 3125.0 0.00023736003710373647 1.3602085298271836e-05 0.0006179776856031922 4.2599735404979343e-07
30.0 3200.0 0.0002598917637692003 1.364270515345957e-05 0.0006393063318282079 4.046928416175533e-06
30.0 3400.0 0.00029047749918337853 5.626489756760153e-06 0.0007262922667955944 1.2923844169009868e-05
30.0 3500.0 0.0003048769868690917 5.614093097888636e-06 0.0007537904543038617 2.0949390072815417e-06
30.0 3600.0 0.00030592278183892767 1.4923891149915157e-05 0.0007889386165171279 3.249297047655908e-06
30.0 3800.0 0.00036937535724885454 2.0695862894978433e-05 0.0008832091391379196 5.1442311583268585e-06
30.0 4000.0 0.0003942780486360487 1.2095827082346401e-05 0.0010230494353075197 1.3792209591941785e-05
30.0 4200.0 0.0004253990800083611 5.8997127730283876e-06 0.0010887073739365028 4.153891751587307e-05
30.0 4400.0 0.0004727661093985004 6.4757354161510965e-06 0.001241591388599496 5.749224482337212e-06
30.0 4500.0 0.0005165828260208058 1.513293233056802e-05 0.001316719922997334 9.233655545568927e-06
30.0 4600.0 0.0005063832145086225 9.1896172509629e-06 0.001329538759977511 1.6617523358743824e-05
35.0 1250.0 1.703975611967603e-05 4.422388978480768e-07 7.397946579602037e-05 1.782065293996989e-06
35.0 1750.0 5.428293607435497e-05 3.0511172317718717e-06 0.00017638531436175946 5.038693924467305e-06
35.0 2250.0 0.0001017478813038631 1.72898529908531e-06 0.0002993227245725881 5.238730257324154e-06
35.0 2550.0 0.0001315566241917179 2.4860944622144537e-06 0.000402950548114387 6.234989083848023e-06
35.0 2750.0 0.0001665263231807577 1.0155392464139428e-05 0.00047061266146684394 9.015886232669838e-08
35.0 2950.0 0.00018614379373205631 1.795113751014273e-06 0.0005400362574284 7.439704376093204e-07
35.0 3150.0 0.00022699863177825033 1.667164466279134e-05 0.0006217411291557909 1.2007392761144509e-05
35.0 3250.0 0.0002257169520876738 7.74648331232819e-06 0.0006650387851131696 2.063856639063033e-06
35.0 3350.0 0.00023228555657678048 3.896549334084743e-06 0.0007077994413296661 1.9931913467060506e-06
35.0 3550.0 0.00027164814054361574 3.462014316544219e-06 0.0007917104491676597 1.7688595616850302e-05
35.0 3750.0 0.0002948716759297104 5.831038173917621e-06 0.0008907784159482405 7.359746043887998e-06
35.0 3950.0 0.00032166748359746793 8.987542541915398e-07 0.0009779493028381663 1.8212227328058717e-06
35.0 4150.0 0.00036389641047284446 1.105738178303734e-05 0.0010925281179093853 2.36293347304431e-05
35.0 4250.0 0.00038150774454910456 1.3538146007558303e-05 0.0011584448237616834 2.292502941062189e-05
35.0 4350.0 0.00039052619451102196 8.45516346136647e-06 0.0012073518275488588 2.33421154933815e-06
35.0 4550.0 0.00044787111288380503 3.3610079299552477e-06 0.0013514681274525012 1.0452603850794045e-05
40.0 400.0 4.4803797146882573e-07 2.2558549695194498e-07 1.5195296680092581e-06 6.673995689462646e-07
40.0 600.0 2.1203165900810578e-06 2.7649636438075165e-07 5.005341358140702e-06 2.2461544972908256e-06
40.0 700.0 1.6554712740867693e-06 6.405601871917505e-07 1.1063610932607423e-05 2.1213626676992976e-06
40.0 750.0 2.8607550125994106e-06 7.448485929421619e-07 9.111237285813331e-06 5.147307189421854e-06
40.0 800.0 2.4035068002158007e-06 9.424366958928876e-08 1.1761787105359622e-05 5.714187625149121e-06
40.0 850.0 2.8259391453715213e-06 1.8809432635375737e-06 1.1477987270963379e-05 7.966039786103638e-06
40.0 900.0 2.508631931677809e-06 7.240805440448354e-07 2.7514936946853136e-05 1.8654670106408922e-06
40.0 950.0 3.022091607860372e-06 1.1895718961346136e-06 3.456094951253104e-05 1.8029454956608832e-06
40.0 1000.0 4.66918782020569e-06 1.998519398931955e-06 4.172073271481816e-05 1.7041657405774386e-06
40.0 1075.0 4.679616872269027e-06 3.0662786836027496e-07 5.052566977577842e-05 1.6651249094280324e-06
40.0 1100.0 7.726984483057056e-06 1.383930034426149e-06 5.829575043193659e-05 1.1075514927297526e-06
40.0 1125.0 3.4522493605361533e-06 2.3228616364707906e-06 2.9459897847790002e-05 1.5649773166556357e-05
40.0 1200.0 1.1231055510171866e-05 2.753226212874762e-07 7.34237233728878e-05 9.459962572888761e-07
40.0 1250.0 8.891571835159712e-07 6.815767457149613e-07 5.247606997075763e-05 2.684359172164615e-06
40.0 1300.0 1.4066628681918406e-05 1.6645445885095933e-06 8.812715112387775e-05 1.8050155918401129e-06
40.0 1325.0 1.4605993114753067e-05 1.3279709007555393e-06 9.041859745535971e-05 1.606647193681517e-06
40.0 1350.0 1.6914683302850423e-05 1.3108180525296757e-07 9.58027130578841e-05 7.443257061237052e-08
40.0 1375.0 1.8026780133990285e-05 5.750882681109312e-07 0.00010108172680336562 1.187936496809335e-07
40.0 1400.0 2.083384673758563e-05 5.117422358048148e-07 0.0001087456816458839 3.4110791382305404e-07
40.0 1450.0 2.1593585476298432e-05 1.3962164062586454e-06 0.00011538199157380412 3.063759072639597e-07
40.0 1500.0 2.5797353065879515e-05 1.0627574035218227e-06 0.00012719167905908923 1.382579611345136e-07
40.0 1525.0 2.616529813589416e-05 7.726369774228397e-09 0.00013485204059923996 1.8671071259526385e-06
40.0 1575.0 3.0882833369727414e-05 1.7270323593384135e-06 0.00013945337434737113 3.966813168705545e-07
40.0 1600.0 3.188565844423978e-05 3.221211638542924e-07 0.00014949624807205478 7.53369856546889e-07
40.0 1625.0 3.514220238587089e-05 6.029619292307202e-07 0.00015664917900645226 3.787663968868612e-07
40.0 1650.0 3.457771931308278e-05 1.1482209008174834e-06 0.0001618071208248241 8.716103990848842e-07
40.0 1700.0 3.457771931308278e-05 1.1482209008174834e-06 0.0001618071208248241 8.716103990848842e-07
40.0 1750.0 4.001045933763822e-05 1.3137128512801355e-06 0.00018660720465652183 4.041139727501827e-06
40.0 1775.0 4.3100904420051794e-05 2.9214665937366397e-06 0.0001952491360578379 2.18450400707441e-06
40.0 1800.0 4.702606479450979e-05 4.2289963472561533e-07 0.00019377319657178682 6.478694316169432e-07
40.0 1825.0 4.702606479450979e-05 4.2289963472561533e-07 0.00019377319657178682 6.478694316169432e-07
40.0 1875.0 4.907637526210036e-05 2.1864450789051934e-06 0.00022018900308963418 6.532015755600289e-06
40.0 1900.0 5.5580643318336725e-05 8.906988832445562e-07 0.0002246757446742354 3.3062922635849943e-07
40.0 1950.0 5.627905301687554e-05 3.809023751076376e-06 0.00023292561352114427 3.109295395127276e-08
40.0 2000.0 5.862489502120584e-05 1.1326343047427524e-07 0.00024753416439512397 6.777499204748535e-07
40.0 2025.0 6.642541773170229e-05 1.0684586177243476e-06 0.0002589852501583602 3.477161168069317e-06
40.0 2075.0 6.642541773170229e-05 1.0684586177243476e-06 0.0002589852501583602 3.477161168069317e-06
40.0 2100.0 6.642541773170229e-05 1.0684586177243476e-06 0.0002589852501583602 3.477161168069317e-06
40.0 2125.0 7.112075791234813e-05 3.729652265645974e-06 0.0002864139990713216 7.302131043171418e-07
40.0 2175.0 8.114431415281054e-05 1.206030995088144e-06 0.00030624820051807546 7.453855551334628e-06
40.0 2200.0 8.209907812499238e-05 2.4791458681312496e-07 0.00031456497118985226 7.559937645714617e-06
40.0 2250.0 9.201893086299255e-05 4.780574007279315e-06 0.0003203209282485028 3.245493207188203e-06
40.0 2275.0 8.604866371981e-05 5.116108400565808e-06 0.00032173563471280295 8.16572809342849e-08
40.0 2325.0 9.272409867151162e-05 3.4109121918640317e-06 0.0003515965981320864 7.475556426802162e-09
40.0 2375.0 9.272409867151162e-05 3.4109121918640317e-06 0.0003515965981320864 7.475556426802162e-09
40.0 2400.0 9.893531941384748e-05 1.532373269619599e-06 0.0003693781904846532 2.1029348416278165e-06
40.0 2450.0 0.00010813948611820663 2.922803732731009e-06 0.0003797537956269224 2.7527738650617196e-06
40.0 2500.0 0.00012370762582195318 1.8822703357615972e-06 0.00040358655196690425 9.834853825474118e-06
40.0 2525.0 0.00012370762582195318 1.8822703357615972e-06 0.00040358655196690425 9.834853825474118e-06
40.0 2575.0 0.000123938074048968 2.383536665872351e-06 0.00043141953007767733 5.341205959662847e-07
40.0 2600.0 0.00012330569424066107 3.924670722931138e-06 0.00043319567488475717 9.171905927421935e-06
40.0 2625.0 0.00012330569424066107 3.924670722931138e-06 0.00043319567488475717 9.171905927421935e-06
40.0 2650.0 0.00012330569424066107 3.924670722931138e-06 0.00043319567488475717 9.171905927421935e-06
40.0 2700.0 0.00012672969634811468 8.092242413265317e-06 0.00046336524307259713 6.241942383185873e-07
40.0 2750.0 0.00012672969634811468 8.092242413265317e-06 0.00046336524307259713 6.241942383185873e-07
40.0 2800.0 0.00015359685312654623 3.5967621243967386e-06 0.000494840882272362 1.8977268354097246e-05
40.0 2875.0 0.00014983390446020239 8.249287172550654e-07 0.0005299472269270315 1.746624524596019e-06
40.0 2925.0 0.00015524842221223406 1.1199063541407207e-07 0.0005547095734453471 2.299892750964361e-06
40.0 3000.0 0.0001645291662388829 3.9514926084305295e-06 0.0005672961004935142 2.1329528028192316e-05
40.0 3200.0 0.00018603099372709896 3.86558384538751e-06 0.0006553422594643254 2.0218286932500718e-07
40.0 3400.0 0.00020346203550060138 8.929320509677091e-06 0.0007226961909271413 1.9767223842023303e-06
40.0 3500.0 0.00023887095208028586 4.254335178508691e-06 0.0007916960922202217 1.6159186868835522e-05
40.0 3600.0 0.00026816211362510033 7.130968166447745e-06 0.0008357477644159813 9.542762349183616e-06
40.0 3800.0 0.00028272063978733637 1.692074861450917e-07 0.0009414894043255395 1.2998132949772058e-05
40.0 4000.0 0.000308641880390274 1.724467000531235e-05 0.0010313817899575372 1.5775422243868085e-05
40.0 4200.0 0.0003458093007098263 6.618720091857267e-06 0.0011597103446040924 4.39667009227307e-07
40.0 4400.0 0.00039128801163333476 4.782014603188264e-06 0.0012648572448734977 1.3983657667832718e-05
40.0 4500.0 0.0003934333995146483 1.1809316199873976e-05 0.0013241710369571063 9.993291253247588e-06
40.0 4600.0 0.0004228034447882453 1.7886066760033348e-05 0.0014396509276918277 5.567634177692599e-05
40.0 4800.0 0.00045293552388797593 1.735018804915439e-05 0.0015120220909639254 8.735594699499198e-06
50.0 400.0 7.650709338986774e-07 4.0920849891135086e-07 2.3596356565968656e-06 1.0261993632590927e-06
50.0 600.0 9.05347075050187e-07 1.3361870452382054e-07 5.992139022920951e-06 1.1509371149782464e-06
50.0 700.0 1.2218853462266953e-06 4.3568693599888473e-07 1.1701890963930189e-05 2.085233387399502e-06
50.0 750.0 1.5013754759765185e-06 8.618825159789602e-07 1.486101229643376e-05 2.9548337441821126e-06
50.0 800.0 2.4698529599966723e-06 9.750590098239916e-08 1.6125851104645906e-05 5.880477262626883e-06
50.0 850.0 1.6091216905120995e-06 6.138651332259326e-07 2.438883671665666e-05 2.270551123082082e-06
50.0 900.0 1.4554648236754017e-06 8.851176577166094e-07 3.201224140422941e-05 2.2462447352703013e-06
50.0 950.0 2.4555319104449193e-06 1.0730576539308561e-06 3.816953426357427e-05 2.7601381418713972e-06
50.0 1000.0 2.412299684642307e-06 7.717363381296352e-07 4.0974636568448186e-05 3.273813227248579e-06
50.0 1075.0 3.3570235373840887e-06 1.852092620259405e-06 3.2303112599389426e-05 1.7963492406394143e-05
50.0 1100.0 3.149880273527526e-06 1.0299944091040729e-06 6.156048486822074e-05 4.093518771191743e-06
50.0 1125.0 4.321498810714775e-06 1.831863926017208e-07 5.3276527145982115e-05 1.1328956154736032e-05
50.0 1200.0 4.477296078622972e-06 8.941811559296987e-07 8.247079614863572e-05 8.660645433465675e-07
50.0 1250.0 5.215100317334926e-06 5.942376819933449e-07 8.906307188450587e-05 2.121859572025568e-06
50.0 1300.0 6.665553900730643e-06 7.481040984407587e-07 0.00010007596738143592 2.615913958183236e-06
50.0 1325.0 6.209667712795812e-06 7.830185705410465e-07 0.00010225943590070808 9.90645221962246e-07
50.0 1350.0 8.549697070576778e-06 1.7272947342859083e-06 0.00011210756327563252 3.2224197882944207e-06
50.0 1375.0 8.583675352156516e-06 1.3288538320129034e-07 0.0001160002788566368 1.8829351585823035e-06
50.0 1400.0 8.589586317762406e-06 1.638048092898946e-06 0.00012004409198119113 3.870629191807044e-06
50.0 1450.0 1.2433433838987597e-05 7.657543973626409e-08 0.00013136625248497482 3.338643878416795e-07
50.0 1500.0 1.4198382364453544e-05 7.143961090060325e-07 0.00014455264816161606 1.4202279676472993e-06
50.0 1525.0 1.4905453561186588e-05 1.4606160429071278e-06 0.0001522154582131491 6.7820962991413055e-06
50.0 1575.0 1.5531059469131013e-05 2.174513216215738e-07 0.000166706674981617 4.011588366901009e-06
50.0 1600.0 1.9198683962566367e-05 2.675614091854758e-07 0.00016772245491412607 2.3259263572005624e-06
50.0 1625.0 2.0037498198004933e-05 1.172717891420962e-06 0.00017538242454358488 2.8452776939454548e-06
50.0 1650.0 2.1211622778500483e-05 2.919158392587884e-07 0.00017971673549854378 1.5398782252305992e-06
50.0 1700.0 2.2268485577072604e-05 1.023593732320168e-06 0.0001899259127590551 2.2843254419847213e-07
50.0 1750.0 2.7222300015122244e-05 1.4637947770026305e-06 0.0002034225610483667 7.6235144897705e-07
50.0 1775.0 2.7222300015122244e-05 1.4637947770026305e-06 0.0002034225610483667 7.6235144897705e-07
50.0 1800.0 2.7434736647785626e-05 1.2543474523033485e-06 0.0002209813181001545 3.152190205287431e-06
50.0 1825.0 2.7434736647785626e-05 1.2543474523033485e-06 0.0002209813181001545 3.152190205287431e-06
50.0 1875.0 2.7434736647785626e-05 1.2543474523033485e-06 0.0002209813181001545 3.152190205287431e-06
50.0 1900.0 2.7434736647785626e-05 1.2543474523033485e-06 0.0002209813181001545 3.152190205287431e-06
50.0 1950.0 3.808985587873854e-05 1.0014875970323171e-06 0.0002605927750866965 1.6875855828774415e-07
50.0 2000.0 3.9688255521642565e-05 2.5075104950563423e-06 0.0002757598344944383 5.296646793613272e-06
50.0 2025.0 3.9688255521642565e-05 2.5075104950563423e-06 0.0002757598344944383 5.296646793613272e-06
50.0 2075.0 4.5583645188460526e-05 2.998688413256723e-06 0.00029630340721500107 1.2455631491506895e-06
50.0 2100.0 4.5583645188460526e-05 2.998688413256723e-06 0.00029630340721500107 1.2455631491506895e-06
50.0 2125.0 4.5583645188460526e-05 2.998688413256723e-06 0.00029630340721500107 1.2455631491506895e-06
50.0 2175.0 5.2233064131172804e-05 1.2903979210787935e-06 0.00032044727845619415 3.4314348743564285e-06
50.0 2200.0 5.565737427066195e-05 2.0613845996233138e-07 0.0003334048417529809 4.870543777467725e-06
50.0 2250.0 5.912654695221105e-05 4.2635556247089257e-07 0.0003579271865731267 3.516611021925472e-06
50.0 2275.0 5.912654695221105e-05 4.2635556247089257e-07 0.0003579271865731267 3.516611021925472e-06
50.0 2325.0 6.588054051214765e-05 1.1951676586235268e-06 0.00036906477535359454 1.776465951735773e-06
50.0 2375.0 6.588054051214765e-05 1.1951676586235268e-06 0.00036906477535359454 1.776465951735773e-06
50.0 2400.0 7.169541025719421e-05 9.821275892017682e-07 0.0003977228229133418 6.856075943939673e-06
50.0 2450.0 7.243687946673828e-05 9.678271801372596e-07 0.0004096257316439112 5.1772709005532805e-06
50.0 2500.0 8.235353091914646e-05 1.1121135294878126e-06 0.0004135356263541674 1.2903898996297723e-05
50.0 2525.0 8.521274242357831e-05 6.342584299403525e-07 0.0004416126378435946 2.0835576284942076e-06
50.0 2575.0 8.521274242357831e-05 6.342584299403525e-07 0.0004416126378435946 2.0835576284942076e-06
50.0 2600.0 8.932636720470801e-05 4.095919754518729e-07 0.00047203893421434443 1.8272874786490425e-05
50.0 2625.0 9.499250139897861e-05 1.7772765127327767e-06 0.00047820988248770845 8.512789509088256e-07
50.0 2650.0 9.504232074619172e-05 1.698593599825456e-06 0.0004915234238667448 1.648264008128993e-05
50.0 2700.0 9.504232074619172e-05 1.698593599825456e-06 0.0004915234238667448 1.648264008128993e-05
50.0 2750.0 0.0001081530541987058 3.6231243470040107e-06 0.0005015869750139094 1.9212518623948032e-05
50.0 2800.0 0.00010954019359432213 7.945328186457879e-07 0.0005356234046177409 9.508831754331453e-06
50.0 2875.0 0.00010954019359432213 7.945328186457879e-07 0.0005356234046177409 9.508831754331453e-06
50.0 2925.0 0.00010954019359432213 7.945328186457879e-07 0.0005356234046177409 9.508831754331453e-06
50.0 3000.0 0.00013114623456023233 3.5911768873752396e-07 0.0006128290201875066 8.559149460465499e-06
50.0 3200.0 0.00014714292228279273 2.6535876880880035e-06 0.0006900428909328711 4.135814664355664e-06
50.0 3400.0 0.00017143145695391613 4.7510523328341636e-06 0.0007787655200567955 8.717274259710214e-07
50.0 3500.0 0.00018151347424389934 3.828704483028641e-06 0.0008248041868617198 1.2103529983740143e-05
50.0 3600.0 0.00019739972708301235 1.5178909201569133e-06 0.0008704701490683488 1.9315909957075128e-05
50.0 3800.0 0.00021660026646600161 1.567440433853419e-05 0.000990226911210466 9.854182007761263e-06
50.0 4000.0 0.00025241939995425655 4.059384444762341e-06 0.001072365373681891 1.0311484417244781e-05
50.0 4200.0 0.0002836028921299837 6.322611610698618e-07 0.001205902829569143 3.101821393740541e-06
50.0 4400.0 0.0003128597749557216 5.649004144082129e-06 0.0012860646853559638 3.0386785087571983e-05
50.0 4500.0 0.0003268941303795094 5.35263443413759e-06 0.0013470580623071863 3.7278937936170095e-05
50.0 4600.0 0.0003297173319102719 1.6024418496525694e-05 0.0013934921735124241 2.8371508687867104e-05
50.0 4800.0 0.00038040818880056887 6.208747785861905e-06 0.0015352902391656718 1.5205109009997507e-05
50.0 5000.0 0.00040590475392364623 3.7543091365859506e-06 0.001658896909370876 4.644971121014325e-05
60.0 400.0 9.45233837416417e-07 6.553139672791601e-08 2.735136575875764e-06 4.4612935238422734e-07
60.0 600.0 6.824138827426342e-07 4.250847822613895e-07 5.487820605497701e-06 1.538000592784993e-06
60.0 700.0 8.833274936892846e-07 5.809554753201838e-07 9.873995626929481e-06 2.62681372216573e-06
60.0 750.0 1.1199001592099989e-06 6.93772471395886e-07 1.4164688313907116e-05 2.489997192239298e-06
60.0 800.0 1.354374908266176e-06 6.869775209130029e-07 1.7922235808164213e-05 2.7531915683616056e-06
60.0 850.0 2.559497204911264e-06 2.3975524688542667e-06 9.509846188633349e-06 8.494734117188197e-06
60.0 900.0 2.782248741303799e-06 2.2638117109318664e-06 1.2175873863526743e-05 1.0042275707247336e-05
60.0 950.0 2.745356171987233e-06 2.5887363629059236e-06 1.2506381489251203e-05 1.1524869420025187e-05
60.0 1000.0 1.7294341535332632e-06 8.91810913899537e-07 4.332667180420405e-05 2.8375813205133606e-06
60.0 1075.0 2.6424708713806774e-06 1.3836943213608755e-06 2.8620968791800085e-05 2.28607761326477e-05
60.0 1100.0 2.6890422914138067e-06 1.8351864818453465e-06 2.3648387070154728e-05 1.3611706366311507e-05
60.0 1125.0 2.0500979163912696e-06 5.740259065649236e-07 6.786673524681871e-05 9.312499718728015e-07
60.0 1200.0 2.634918584901446e-06 1.2230038942698737e-06 8.59983297678352e-05 1.3394581512772362e-06
60.0 1250.0 3.4342249034817113e-06 6.81283633063027e-07 9.760536072781535e-05 1.4373244129487114e-06
60.0 1300.0 3.1154323837749434e-06 9.83691391127901e-07 0.00010549247499839618 1.8986217833962594e-06
60.0 1325.0 4.066569549489563e-06 4.5705672919409345e-07 7.644800826914317e-05 3.872518438665862e-05
60.0 1375.0 4.542871231473437e-06 1.967551488399676e-06 0.00012564848299250912 2.3368099661383943e-06
60.0 1400.0 4.36655880697252e-06 1.3906439722626259e-06 0.000127616444311608 1.220700860981753e-06
60.0 1450.0 4.26168817885985e-06 2.7550884112087086e-06 9.07065046374918e-05 4.034616844878921e-05
60.0 1500.0 6.491569244875196e-06 8.115649588401211e-07 0.00015615930480339363 1.36390549471234e-06
60.0 1525.0 3.06735764223534e-06 1.2441521946766149e-06 0.0001024395114820883 3.244121490911174e-05
60.0 1575.0 9.948967180309037e-06 1.3050153680299566e-06 0.00017337238781593107 2.333708107281751e-06
60.0 1600.0 1.0985016932350296e-05 1.046530682652719e-06 0.00018191706584209255 1.50606395773214e-06
60.0 1625.0 1.0564552994872634e-05 3.1463227849172034e-08 0.00018729858831749118 2.9808748713596364e-08
60.0 1650.0 1.1561091430315862e-05 9.201859342372794e-08 0.00019635363453727905 1.995296570278408e-06
60.0 1700.0 1.1561091430315862e-05 9.201859342372794e-08 0.00019635363453727905 1.995296570278408e-06
60.0 1750.0 1.7059686564520226e-05 3.870475193540335e-07 0.00022459224703864626 2.9750723656429684e-06
60.0 1775.0 5.092397751093611e-06 4.00421521713521e-06 0.00021471226458577176 2.323387289000382e-06
60.0 1800.0 1.9042478585472e-05 1.0313988763298845e-06 0.00023743701928397615 1.658907238715986e-06
60.0 1825.0 1.9042478585472e-05 1.0313988763298845e-06 0.00023743701928397615 1.658907238715986e-06
60.0 1875.0 2.1579838253780893e-05 7.734140771399094e-07 0.00025529869699119365 7.123319657652428e-06
60.0 1900.0 2.1579838253780893e-05 7.734140771399094e-07 0.00025529869699119365 7.123319657652428e-06
60.0 1950.0 2.1579838253780893e-05 7.734140771399094e-07 0.00025529869699119365 7.123319657652428e-06
60.0 2000.0 3.0134945212034327e-05 2.1844229575234687e-07 0.0002940903406680833 3.674671773081458e-06
60.0 2025.0 2.7195391408512555e-05 2.901299252760679e-06 0.0002908863824106627 5.905849028316279e-06
60.0 2075.0 3.4591831592465755e-05 3.7412952542091873e-07 0.00031861497626375375 2.9688326772075636e-07
60.0 2100.0 3.4594026287248245e-05 7.825863059635916e-07 0.00032376459284296915 4.1740552820777786e-06
60.0 2125.0 3.928401710805965e-05 4.051750747902391e-06 0.00032742805073509147 1.6449941455618661e-06
60.0 2175.0 3.928401710805965e-05 4.051750747902391e-06 0.00032742805073509147 1.6449941455618661e-06
60.0 2200.0 3.98467078275292e-05 8.661887837158119e-07 0.0003559911392372289 6.349785316902186e-06
60.0 2250.0 4.237567174133903e-05 7.063725437304529e-07 0.00037083382301408586 4.038880475167014e-06
60.0 2275.0 4.237567174133903e-05 7.063725437304529e-07 0.00037083382301408586 4.038880475167014e-06
60.0 2325.0 4.237567174133903e-05 7.063725437304529e-07 0.00037083382301408586 4.038880475167014e-06
60.0 2375.0 5.462662558499858e-05 1.0196509113354755e-06 0.0003931863864067838 1.65169160569854e-05
60.0 2400.0 5.405701652786285e-05 6.291928414462466e-08 0.00042143401564455454 4.592572782959614e-06
60.0 2450.0 5.651543220401675e-05 2.8417959214974514e-06 0.0004407235991684 1.741747605587592e-06
60.0 2500.0 6.201813654055819e-05 1.7142436030630852e-06 0.0004464872063934027 7.976614448187944e-07
60.0 2525.0 6.52821198845005e-05 2.712731119853962e-06 0.00047190171463594796 4.627923156355755e-06
60.0 2575.0 6.52821198845005e-05 2.712731119853962e-06 0.00047190171463594796 4.627923156355755e-06
60.0 2600.0 7.357190633374878e-05 1.8742126866273525e-06 0.000494499041630825 1.2592297963262075e-06
60.0 2625.0 7.474538475644203e-05 2.532513851753149e-06 0.0004983984252088472 2.480114909738281e-09
60.0 2650.0 7.06329534738944e-05 2.980237575176529e-06 0.0005104042681025473 1.6892075019380687e-06
60.0 2700.0 7.763248545484057e-05 7.75186688238986e-08 0.0005288475462345977 1.36186210439219e-06
60.0 2750.0 7.763248545484057e-05 7.75186688238986e-08 0.0005288475462345977 1.36186210439219e-06
60.0 2800.0 8.284706558061187e-05 4.937487160239015e-06 0.0005669427376772512 2.00210333125348e-06
60.0 2875.0 9.086004829852589e-05 6.065318872537836e-06 0.0006014322942528203 4.4828656878355137e-07
60.0 2925.0 9.086004829852589e-05 6.065318872537836e-06 0.0006014322942528203 4.4828656878355137e-07
60.0 3000.0 0.00010098366336741683 4.1952373762470746e-06 0.0006517875199868343 1.2241667006463136e-05
60.0 3200.0 0.00012175044312594202 1.5830642811095475e-06 0.00072783944102197 1.7636818932235936e-06
60.0 3400.0 0.00014476791761746163 4.345790330083052e-06 0.0008052243887818856 7.133918404117168e-06
60.0 3500.0 0.00015653246084149195 9.182073906890957e-06 0.0008596833461916534 2.298349152699443e-05
60.0 3600.0 0.00016375910446192278 4.908318017412539e-06 0.0009359684368301475 1.544540469464444e-05
60.0 3800.0 0.00019197589372495116 4.3005504654295797e-07 0.001035266889494358 2.16278783206187e-05
60.0 4000.0 0.00020443824286303582 6.376666934300628e-06 0.001093891499364287 4.748640301764221e-06
60.0 4200.0 0.0002458452992424703 1.6363148984449973e-05 0.001214590729239461 2.4247267592182694e-06
60.0 4400.0 0.00027335954880580027 9.90639074701368e-07 0.0013622269223249456 4.930903793456784e-06
60.0 4500.0 0.0002731708266713309 5.785920806899962e-06 0.0013845902640420126 5.924656830519008e-06
60.0 4600.0 0.00029692067674138325 1.2541054612853488e-05 0.0014733376890569455 7.996921027394777e-06
60.0 4800.0 0.00034148120895279526 2.0651410143808966e-07 0.0016466988268107198 2.116924040934147e-06
70.0 400.0 3.561794097604083e-07 2.7238618643830874e-07 1.7385986996948292e-06 1.0640853415522974e-06
70.0 600.0 7.46312817912155e-07 2.8041606994622463e-07 4.628039095118703e-06 1.0834825304729913e-06
70.0 700.0 1.012315636530849e-06 6.415426988178483e-07 8.87995816191569e-06 2.307357602043288e-06
70.0 750.0 1.84309664405171e-08 2.501378391718119e-08 8.501621479110743e-06 7.738093190997868e-07
70.0 800.0 1.1152994968712105e-06 5.130824510279459e-07 1.537846272194034e-05 1.392541652656737e-06
70.0 850.0 1.512309952495209e-06 4.5793723545598416e-07 1.659038747485807e-05 5.717619057820059e-06
70.0 900.0 1.107654327784898e-06 5.134158491309495e-07 2.581047257501796e-05 3.2017512408803575e-06
70.0 950.0 7.131696311788675e-07 5.488268557105578e-07 6.1516351092807015e-06 1.8267283216853004e-06
70.0 1000.0 5.794237568035838e-07 6.43659157670595e-07 9.429721788424488e-06 3.93870764660808e-06
70.0 1075.0 2.393119991056636e-06 2.0723652037847954e-06 1.4314656113992811e-05 1.207413405767694e-05
70.0 1125.0 1.5855198260120107e-06 7.779525042651444e-07 6.462516912317801e-05 3.2283932959931485e-06
70.0 1200.0 2.179129183264064e-06 2.0606078705294957e-06 1.6932209055961534e-05 1.4531437240367441e-05
70.0 1250.0 1.706988399704211e-06 5.945583050283244e-07 8.906813587046769e-05 5.707049471177839e-06
70.0 1325.0 2.724495926246315e-06 1.0321271996364471e-06 0.00011758861394170702 2.0851493432261156e-06
70.0 1375.0 2.803833495887143e-06 6.911075863537189e-07 0.0001273258865002174 1.1943371570958114e-06
70.0 1450.0 3.2631017054185942e-06 1.45086199317978e-06 0.00014730345217661673 4.2788873603657985e-06
70.0 1500.0 3.951106767661436e-06 1.6837242554074706e-06 0.00015999634809005635 5.522295058123813e-06
70.0 1525.0 5.0399154367014e-06 1.1008840642541492e-06 0.00016978802598742462 3.23955723179874e-06
70.0 1575.0 5.205111666055882e-06 2.824004984715555e-07 0.00018062219492587792 1.0541726598140382e-07
70.0 1625.0 6.991451283352991e-06 2.9334595029601265e-07 0.00019258001509905339 6.601013422026487e-06
70.0 1650.0 6.13654109067443e-06 3.825707675084209e-07 0.00020294060989880733 3.4247587178144614e-06
70.0 1700.0 3.3321061470491925e-06 2.7528685928245344e-06 0.0001421139762861148 5.388631197283357e-05
70.0 1750.0 1.1488505365906187e-05 3.5225880249627105e-07 0.00022833231896664033 6.223276822903282e-06
70.0 1775.0 9.600680343807581e-06 3.734836093779004e-07 0.00024173918143128128 1.0450057973899677e-06
70.0 1825.0 1.1651172012322748e-05 4.4501473931216523e-07 0.0002498905111802955 4.838738139839994e-06
70.0 1875.0 1.2788845776363986e-05 1.718542298447488e-07 0.000270644521140347 8.220618754778641e-07
70.0 1900.0 1.5420230510057736e-05 1.0215303638197587e-06 0.0002767286175844788 2.3803952260460434e-06
70.0 1950.0 1.5076417909579585e-05 3.313524416201067e-07 0.00028609514571674004 1.2552224057721756e-07
70.0 2000.0 1.765705916411927e-05 5.938651577897914e-07 0.000314459979116441 9.031692474004002e-07
70.0 2025.0 2.2023936686312263e-05 1.2435371035288578e-06 0.00031196548639282314 2.6792491413654735e-06
70.0 2075.0 2.194045034496402e-05 3.756307497605305e-07 0.000322862410031542 1.1376084002615095e-05
70.0 2100.0 2.2857882621563366e-05 3.0995210235283527e-06 0.00033767459568475266 1.0519320014633256e-07
70.0 2125.0 2.6467984711203446e-05 6.63308312726894e-07 0.00034257026316582295 4.636454905405992e-06
70.0 2175.0 2.818781081477972e-05 1.8248501900915482e-06 0.0003575376507485781 9.609951244414254e-06
70.0 2200.0 2.9447955260325988e-05 8.458545913865227e-07 0.0003696276028680573 2.766657439554295e-06
70.0 2250.0 3.13438525108839e-05 9.477348397916622e-07 0.0003783489865105762 5.909368659052768e-06
70.0 2275.0 3.1890764427589e-05 1.764527862492275e-06 0.0003987635402726912 3.878590123171666e-06
70.0 2325.0 3.530172112915173e-05 1.2858702857658185e-06 0.0004249370553528383 1.2518056947964298e-05
70.0 2375.0 3.984496739981682e-05 6.922780867961758e-07 0.00043465335709976893 4.915534055521142e-07
70.0 2400.0 4.034446234210469e-05 3.994277590601362e-06 0.00045026023039676234 1.7957993164843107e-06
70.0 2450.0 4.281504182860767e-05 3.733726931973558e-06 0.0004573412023305899 1.9010989095496247e-05
70.0 2500.0 4.748789374432582e-05 3.22160299812733e-06 0.0004783073534717446 2.9407646972396506e-06
70.0 2525.0 4.88301214226432e-05 1.7517602918217284e-06 0.0004841390214138492 6.918974915607497e-06
70.0 2575.0 5.5018133279306835e-05 1.564723188400315e-06 0.0005029651222983944 5.45333691461627e-06
70.0 2625.0 5.295934462992781e-05 2.001439858854311e-06 0.0005183136097408899 1.540131055445393e-06
70.0 2650.0 5.84545230311913e-05 2.141620302210623e-06 0.000520255664384787 8.004727734335316e-06
70.0 2700.0 5.970470706645751e-05 5.256919144109121e-08 0.0005607428911377326 9.186730765575095e-06
70.0 2750.0 6.275761314282687e-05 1.5387763536235686e-06 0.0005783169467943888 5.0199457015740025e-06
70.0 2800.0 6.547871225286785e-05 4.576664088883661e-06 0.0005959006367921734 1.3786635573762141e-05
70.0 2875.0 7.375444356788629e-05 2.86509954015964e-07 0.0006142510281560273 1.7452773921425902e-05
70.0 2925.0 7.684442236316941e-05 1.4734630706669806e-09 0.0006434354803195987 1.936098742687342e-06
70.0 3000.0 8.143073447486209e-05 7.432610191189903e-07 0.0006677608881397537 6.8299743352967e-06
75.0 1250.0 1.7532527891670094e-06 3.0862074713754765e-07 8.334265167436798e-05 6.873971938513994e-06
75.0 1750.0 5.738753934187264e-06 2.1286751375981519e-07 0.00022761931610773157 3.7242841700235878e-06
75.0 2250.0 2.560051142476854e-05 4.302416010039179e-06 0.000402664510072369 1.162460216672591e-05
75.0 2550.0 4.182132883775836e-05 1.7424468616040894e-06 0.0005074551580709195 1.5162356060389294e-06
75.0 2750.0 5.4605371351752886e-05 3.89924183429106e-07 0.0005785982054682321 9.480946993705786e-06
75.0 2950.0 7.149194816568703e-05 3.0577459730454672e-06 0.0006468921570497837 4.9124407714953e-06
75.0 3150.0 8.505981733823164e-05 6.261123499924064e-07 0.0007343051443129505 6.417136125427743e-06
75.0 3250.0 9.08474364054658e-05 4.202367642763324e-06 0.000780693446596663 2.8941153457450854e-06
75.0 3350.0 0.00010075412969905258 1.4098620356973958e-06 0.0008410749411672461 6.289059909632045e-06
75.0 3550.0 0.00012215617117943787 1.161218759671819e-06 0.00091248808905309 8.358558129425713e-06
75.0 3750.0 0.0001405136082904015 8.786634251281753e-07 0.0010336860888910638 1.891193416939423e-05
75.0 3950.0 0.00016144220678731866 1.409368466705733e-06 0.001130450237318901 2.036555999966723e-05
75.0 4150.0 0.0001786471353397304 4.5259667167179e-06 0.0012309856617616609 6.823471719673673e-06
75.0 4250.0 0.00019719360071453104 9.195917343703005e-06 0.0012999526451748864 2.1491269136687073e-05
75.0 4350.0 0.00022045435093552023 6.173984341904267e-06 0.0013546127878201139 3.551952974147135e-05
80.0 400.0 6.056090264074447e-07 6.82083654789526e-08 1.8925160507786773e-06 5.084361500887781e-07
80.0 600.0 1.2176339762349555e-06 1.17592132035986e-06 2.9655215545610296e-06 2.8769572034346673e-06
80.0 700.0 7.300115087282895e-07 9.334350687613697e-08 5.720606953504134e-06 1.1424787024212277e-06
80.0 750.0 9.162652181693558e-07 5.817620529749203e-07 1.0230969188651159e-05 2.021925538060888e-06
80.0 800.0 1.6826855177192335e-06 1.5914764231306005e-06 6.5450246857687956e-06 4.774229265742536e-06
80.0 850.0 3.446647847386012e-06 1.3835910056860436e-06 1.2320870852587566e-05 2.8558346623311386e-06
80.0 900.0 8.039364982410663e-08 8.671589030836897e-08 1.6570585930556294e-05 1.972649586623383e-06
80.0 950.0 2.3208561203030584e-06 1.6747607305400071e-06 1.742025271363219e-05 1.2625581807562279e-05
80.0 1000.0 2.045725226203554e-06 4.99722066847029e-08 3.45944351712396e-05 5.4957033476718014e-06
80.0 1075.0 1.3164772693546364e-06 1.8349830809799192e-07 4.540790684461236e-05 5.948997197463627e-06
80.0 1100.0 3.235531664997856e-06 7.695276123688852e-07 3.885326474242123e-05 1.5367744101832604e-05
80.0 1125.0 2.798903298660276e-06 1.7619343015619072e-07 3.383380238705604e-05 1.8199876580516303e-05
80.0 1200.0 2.303619691422557e-06 3.5835142614933706e-07 4.4410376063703815e-05 2.6166419321013164e-05
80.0 1250.0 1.7025603600035076e-06 6.773002685610198e-07 9.106065672974905e-05 1.813136906094748e-07
80.0 1300.0 3.853553757815329e-06 1.6398676699759354e-06 6.96181133762842e-05 2.5470813328838884e-05
80.0 1400.0 1.98129704448343e-06 7.421388724490992e-07 0.0001314256346322637 2.2441045388669352e-06
80.0 1500.0 3.1998279616856087e-06 6.049808898719096e-07 0.0001564296333264905 4.3876445204037816e-07
80.0 1600.0 3.683379399812971e-06 1.8373528439020159e-06 8.841151983654774e-05 5.6317386804362394e-05
80.0 1750.0 5.652571761068166e-06 1.1166782285426206e-06 0.00023653248059080987 4.422080887087013e-06
80.0 1800.0 7.598773129135768e-06 6.38741402658354e-08 0.0002491390810450391 4.304760640212827e-06
80.0 2000.0 1.333073847222642e-05 8.381772669006333e-07 0.0003130270436373669 2.968723261523376e-06
80.0 2125.0 1.9309133864413828e-05 9.512609641285955e-07 0.0003498850448726815 2.8740130431029225e-06
80.0 2175.0 2.024516277702569e-05 1.8415761087479094e-06 0.00037868757342200243 2.8499013745126575e-06
80.0 2200.0 2.026663769463404e-05 1.4933770189226502e-06 0.000388011293024382 6.449172515897168e-06
80.0 2250.0 4.642961063597951e-06 2.671513874266166e-06 0.0004034632188287943 5.404412399637308e-06
80.0 2275.0 2.3790278903019926e-05 5.903293462330022e-07 0.00040595801742817505 4.939035530283912e-06
80.0 2325.0 2.553429542066552e-05 1.3167188751425642e-07 0.0004313305114990034 4.217318418441086e-06
80.0 2375.0 2.870328159347977e-05 1.7329531709573392e-06 0.00044956499143569576 1.7212418388312223e-06
80.0 2400.0 2.889589868934433e-05 1.1131749246055941e-06 0.00046009053481424966 5.652733716023869e-06
80.0 2450.0 3.352902330801751e-05 1.1687269544322717e-06 0.0004814780630439166 1.023440050541756e-05
80.0 2500.0 3.6749798291327915e-05 9.510374912163631e-07 0.0004808290182495 2.7904359743181988e-06
80.0 2525.0 3.8847346308945614e-05 1.5705407454116344e-06 0.0005005883408029484 5.534392448102388e-06
80.0 2575.0 3.862066554296229e-05 9.78504826791656e-07 0.0005331191208012718 6.371199936648549e-07
80.0 2600.0 3.723653872566137e-05 2.2096958473152035e-06 0.000520554797117998 6.617854653549967e-06
80.0 2625.0 4.201271877741582e-05 1.5779646777433748e-06 0.0005343008976632365 1.688993031597068e-05
80.0 2650.0 4.228910982431949e-05 2.417218735587494e-06 0.0005632898772939257 1.2203793235233522e-05
80.0 2700.0 4.720284914443084e-05 2.3779852423196063e-06 0.0005707957669358076 4.478911332916447e-06
80.0 2750.0 5.254824310672226e-05 8.898172301456952e-07 0.0005805166872387621 2.0762467666896178e-05
80.0 2800.0 5.706594133442039e-05 3.506933046743551e-06 0.000608443523709246 2.830730800417432e-06
80.0 2875.0 5.528164856587066e-05 2.756701763864015e-06 0.0006322512257396852 1.4620803322283513e-05
80.0 2925.0 6.179220914689045e-05 2.3202421067814598e-06 0.0006742430459720812 1.7046826452953923e-05
80.0 3000.0 6.826991979058364e-05 2.20745059926228e-06 0.0007044361036836507 2.7719839411162186e-07
80.0 3125.0 7.574304997623524e-05 1.7111664246747632e-06 0.0007592589881425486 9.053779959262858e-06
80.0 3200.0 8.562673792561852e-05 2.3849848161313566e-06 0.000777859641130194 1.1450932433246782e-05
80.0 3225.0 8.456596035851373e-05 1.2975219898751982e-06 0.0008006705195364928 6.845454054829799e-06
80.0 3325.0 9.703656482217719e-05 8.068513072196396e-07 0.0008374738592287159 1.3034069087833859e-05
80.0 3400.0 9.351548411469849e-05 1.135007236613935e-06 0.0008688927271555253 1.737110539304615e-05
80.0 3425.0 0.00010318220857021367 4.576566768831026e-06 0.0008805005733687139 1.6198145335110564e-05
80.0 3500.0 0.00010866697643775874 1.214298027567858e-07 0.0009254206304834048 2.5941082500632835e-05
80.0 3525.0 0.0001078727557010716 3.204364798743953e-06 0.0009376839759956085 1.4689849316737856e-05
80.0 3600.0 0.0001105529760375451 2.7489393689581032e-06 0.0009806777250178764 4.946728708810078e-06
80.0 3625.0 0.00011494931224951256 1.7979547036640176e-06 0.0010079999079188019 3.145837758561925e-05
80.0 3725.0 0.000128933437362247 7.0238032156347766e-06 0.0010108908705761302 1.0210627917719547e-05
80.0 3800.0 0.00012278378969773622 1.0075472589876127e-05 0.0010570220829609577 2.0512786768760628e-05
80.0 3825.0 0.0001367123633725481 2.183735446200312e-06 0.001085698470443722 1.1282843468590543e-05
80.0 3925.0 0.00014360306774459434 2.36528033669976e-06 0.001127514301759963 3.637242359362366e-06
80.0 4000.0 0.00015777151140281296 8.01060805016037e-07 0.0011571819239970917 2.5917904025349855e-05
80.0 4025.0 0.00016414295802887367 9.118229926493287e-06 0.0011981624735856167 2.4872210381394906e-06
80.0 4125.0 0.0001727271912364623 5.250882187142544e-06 0.0012544607106306502 6.919540737908392e-06
80.0 4200.0 0.00018349486071816487 8.119953564196852e-06 0.0012825150995528318 8.247796745763481e-07
80.0 4225.0 0.00017944198586724116 1.213841036042925e-06 0.0012850598593589517 1.7896507438125298e-05
80.0 4400.0 0.00019159215521759554 2.1227910312439315e-06 0.0013811996665547958 6.1699794677714695e-06
80.0 4500.0 0.00021637048947874607 6.6432664295849555e-06 0.0014355380357602711 2.5822366420650886e-05
90.0 400.0 4.763619160677222e-07 1.6186348622532235e-07 1.887097369496212e-06 6.713478120908224e-07
90.0 600.0 1.3215736197180314e-06 6.071197599047495e-07 4.6344626362753245e-06 2.1977829462451683e-06
90.0 700.0 1.4890512655471583e-06 5.571420420288339e-07 5.99546526809969e-06 2.852358983463722e-06
90.0 750.0 2.20207548625067e-06 6.125933977982918e-07 9.115638764126794e-06 2.2027963870549894e-06
90.0 800.0 8.729391921555994e-07 5.41514499416595e-07 1.0141926731775849e-05 2.274775358714336e-06
90.0 850.0 2.2135244042778112e-07 2.3094986324046865e-07 6.604504292569084e-07 4.091579016486314e-07
90.0 900.0 2.474754995009271e-06 2.2134593145619196e-06 8.82248569178202e-06 7.96938282843649e-06
90.0 950.0 2.888170222654175e-06 2.67916613946551e-08 1.4484724418249329e-05 8.164199232304093e-06
90.0 1000.0 1.3128991271396224e-06 1.1918551997429485e-06 6.903297154812342e-06 6.063474770975394e-06
90.0 1075.0 3.32940093524844e-06 1.1950101118452946e-06 3.445857212985083e-05 9.974649990734514e-06
90.0 1125.0 2.1868240522324347e-06 5.599996842699902e-07 4.7484684568241125e-05 9.009021583822264e-06
90.0 1200.0 2.459205969091409e-06 7.670712942780763e-07 3.682519902482711e-05 1.9520318400373436e-05
90.0 2875.0 4.522028157406665e-05 1.1145464644857254e-06 0.00064479247144087 6.102974003149224e-07
90.0 2925.0 5.030002497907059e-05 2.486924791694693e-06 0.0006630231489753922 1.750096290904993e-05
90.0 3000.0 5.5827019375761215e-05 2.3087225581372997e-06 0.0006950068398834724 1.1580358611212561e-05
90.0 3050.0 5.6949699444455486e-05 1.3386883061195065e-06 0.0007413207676802176 1.2161159687026491e-05
90.0 3125.0 6.443037272997772e-05 1.3751314982775376e-06 0.0007567678042256005 1.7163428292864325e-06
90.0 3225.0 6.845197830252642e-05 1.7556787837505656e-06 0.0007915901199048468 1.3348552523521088e-05
90.0 3250.0 7.305511592302777e-05 2.848575286530782e-06 0.0008113731301785223 5.71300970803487e-06
90.0 3325.0 7.890646556689834e-05 4.0104377937357773e-07 0.0008319169928736074 6.158753805926232e-06
90.0 3375.0 7.987101418697643e-05 3.3291274479848e-06 0.0008858495223544834 9.102159987668479e-06
90.0 3425.0 8.43627226762646e-05 7.79172949495847e-08 0.0008828179486345187 1.1280242128792099e-05
90.0 3500.0 9.108785826294428e-05 5.612255250353671e-06 0.0009084530492468454 7.766044658044772e-06
90.0 3525.0 9.187890618223882e-05 1.8037066779945138e-06 0.0009530520043228641 1.6621955110941518e-06
90.0 3625.0 0.0001024576372518151 2.7926442513507066e-06 0.0009708023729544429 1.8820151742836388e-05
90.0 3725.0 0.00011371403315505236 1.7244542420827477e-07 0.001044455251174884 1.8431172605434774e-05
90.0 3750.0 0.00011102120073575608 8.799481753756297e-07 0.0010665783721240006 5.738574811800668e-06
90.0 3825.0 0.00012059031893929768 1.1336334448094196e-06 0.001083820188793277 3.6774072590808043e-06
90.0 3875.0 0.00011947945654409323 6.235653982797041e-06 0.00113763438117467 1.2112580156106272e-05
90.0 3925.0 0.0001280303363041225 4.046352709665395e-07 0.0011485825100506864 5.064416918956857e-06
90.0 4000.0 0.00012651574910873113 5.027333871396933e-06 0.001182748843667757 1.0498341973877957e-05
90.0 4025.0 0.00013558704858309862 3.230741849608402e-06 0.001223709937866697 1.6581992858074912e-05
90.0 4125.0 0.00014873018876047927 3.3122706272653647e-06 0.0012461735105703752 1.4034238783357248e-05
90.0 4225.0 0.00014999650343017966 1.0419494660301046e-06 0.001318323609259411 1.7021921821434916e-06
90.0 4250.0 0.00015383915968495402 3.6913052941966267e-07 0.0012894568040035114 4.185420144105953e-06
90.0 4325.0 0.00016681971418890023 3.0913868977793397e-06 0.00136857550251368 1.6714828381983793e-05
90.0 4375.0 0.0001733838778896714 5.145458437562075e-06 0.0014227872952413826 2.400984305696786e-05
90.0 4500.0 0.00017891158576313865 9.606928234958442e-06 0.0014931874647847842 8.47032920068595e-06
90.0 4750.0 0.00020401468504250878 3.0204500191633937e-06 0.0016417467591590997 1.4638377076730672e-05
100.0 400.0 3.3451319828216134e-07 2.2293581934255207e-07 1.4615516627370257e-06 9.235577309794852e-07
100.0 600.0 5.613890858402287e-07 2.6091912363288786e-07 3.0794768116863243e-06 1.2049881005945292e-06
100.0 700.0 6.526601034891836e-07 2.047179916341142e-07 5.520377737449498e-06 1.6845159147836233e-06
100.0 750.0 2.133273104901273e-06 9.062737933722397e-07 7.499913815346156e-06 6.019906837107504e-07
100.0 800.0 2.5988290273144605e-06 4.769126359113221e-07 8.77615551445636e-06 2.59881729857832e-06
100.0 850.0 1.994881382156903e-06 2.6088830328528794e-07 1.2265143302451159e-05 1.921573148795918e-06
100.0 900.0 2.6327392932809332e-06 2.4490988633915577e-06 7.302802976642887e-06 6.681922203027584e-06
100.0 950.0 1.8493449243305556e-06 1.4777368394705977e-06 8.431665348962343e-06 6.348961976855246e-06
100.0 1000.0 1.2615619639582872e-06 4.948841479527664e-07 2.6618102784536397e-05 3.1857165215887975e-06
100.0 1075.0 1.2647597054645304e-06 1.9141841577127207e-07 3.426760758255973e-05 6.016646959241915e-06
100.0 1100.0 2.3235794712763265e-06 1.1385244304102154e-06 2.262030896248106e-05 1.564335085081143e-05
100.0 1125.0 3.5853852763104807e-06 1.8306309362862098e-06 1.340689066382302e-05 9.622850867765538e-06
100.0 1200.0 3.3709936969584584e-06 2.4290565466482698e-06 2.6584675968911683e-05 2.0069968726306224e-05
100.0 1250.0 1.6037699679988399e-06 8.860592372012302e-07 7.727646988087592e-05 4.303484812338613e-06
100.0 1300.0 4.815068176066607e-07 4.887684334202904e-07 1.3664416426816947e-05 2.8588741266215784e-06
100.0 1400.0 3.007909579130652e-06 3.990825908676258e-07 5.8620235764422184e-05 4.358974645334413e-05
100.0 1500.0 3.270253938933951e-06 4.486730380512244e-07 0.00010146479774769875 4.2293199761441346e-05
100.0 1600.0 3.113029260985165e-06 1.9599981598892568e-06 8.772446126939429e-05 5.9835269053422397e-05
100.0 1750.0 2.7858375352483026e-06 2.684951021928399e-06 6.588747149153252e-05 4.0162275678895564e-05
100.0 1800.0 3.5362858478317473e-06 1.491502926505126e-06 0.00024893971656871994 3.6344212251756916e-07
100.0 2000.0 5.99925531632616e-06 1.3384746726297262e-06 0.0003084935130900268 5.747655227880078e-06
100.0 2200.0 1.1509847881014857e-05 1.52457071772281e-07 0.00038467455291110015 2.0351730397424106e-06
100.0 2250.0 1.3152525036382408e-05 5.401527783927922e-07 0.00040459113801748095 5.621087852230626e-07
100.0 2400.0 1.7474829568479247e-05 2.948491267290761e-08 0.00046139765101974365 1.2623532949429914e-05
100.0 2500.0 2.130088698871869e-05 9.547037425516638e-07 0.0005191987074666429 7.848267146601363e-06
100.0 2600.0 2.41242977822723e-05 1.1381760345830236e-06 0.000545463822006748 5.9972396974294765e-06
100.0 2800.0 3.441467165678606e-05 6.229628191794438e-07 0.0006095845440188959 1.2419160399422207e-05
100.0 2875.0 3.7536795918715166e-05 3.327310608717723e-06 0.0006696357845711252 4.751497321279412e-06
100.0 2925.0 4.272146444616549e-05 2.1229657905975826e-06 0.0006761470992413944 1.0059922212042357e-05
100.0 3000.0 4.8867384659997964e-05 4.052604501774286e-07 0.0007019029964703435 5.640472503173833e-06
100.0 3050.0 4.656533989881715e-05 1.4461398760043673e-06 0.0007420906051078064 7.867941936263279e-07
100.0 3125.0 5.1508529810250836e-05 1.06958280229299e-06 0.0007734540337787018 8.646625673584535e-06
100.0 3200.0 5.413163810469386e-05 1.6943202995335288e-06 0.0007955653829655589 1.2738987380535486e-05
100.0 3250.0 6.069907121786457e-05 1.0922491599114626e-07 0.0008138929358731382 8.664872111020294e-06
100.0 3375.0 7.01741523681677e-05 3.0670318816373795e-06 0.0008711741564398544 8.520703204691376e-06
100.0 3400.0 6.89275346885784e-05 1.204039679100218e-06 0.0009176222723292469 1.951397771276753e-06
100.0 3500.0 7.924905978950538e-05 4.562756184619018e-06 0.0009182549876265102 2.3731249543182112e-05
100.0 3600.0 8.377719113213313e-05 2.427924897984557e-06 0.0010036024770900456 1.6882961092502904e-05
100.0 3625.0 8.208047760207365e-05 1.0614822316713513e-06 0.0009693610528920353 1.5656308999396688e-05
100.0 3750.0 9.752565480118015e-05 1.47627023504305e-06 0.0010592015301605139 1.1813701132943245e-05
100.0 3800.0 9.933079985750733e-05 8.950216174523644e-06 0.0011101366911525062 1.2007315318259633e-05
100.0 3875.0 0.00010537122949412348 2.4570705604890943e-06 0.0011287848200133186 4.330722971090732e-06
100.0 4000.0 0.00011403649344464695 5.806350275716854e-07 0.0012158100669532217 2.2964228251988317e-05
100.0 4125.0 0.00012539218381940191 1.8366643552467571e-06 0.001286229633789398 1.730042159785891e-05
100.0 4200.0 0.0001352842325299877 6.447870445092245e-07 0.0013079749635896741 1.860455153845185e-05
100.0 4250.0 0.00013638040321048368 2.905910742339183e-07 0.0013523056325588684 7.321550541667084e-06
100.0 4375.0 0.00014350396074927081 4.124241917990102e-06 0.0014485162758568464 2.953053889273522e-05
100.0 4400.0 0.00015554175316570302 3.0243940690204713e-06 0.001445651115219414 1.202410728729575e-06
100.0 4500.0 0.00015199460582522952 8.141118627748972e-06 0.0014537439517476756 2.8626276962971647e-05
100.0 4600.0 0.00017681454482796399 6.516605668299465e-06 0.0015337122449982604 1.734736312855437e-05
100.0 4800.0 0.00019850086505548498 8.409792427273762e-09 0.0016917127223169935 2.9589979620327495e-05
100.0 5000.0 0.00022882962620999876 4.3653444139635385e-06 0.0018502038710480403 3.574411431420188e-06
110.0 400.0 6.816197890460208e-07 4.3254333547416434e-07 2.1917500165062096e-06 1.4198117304511885e-06
110.0 600.0 1.9222094378392617e-06 7.093226811830454e-07 5.391882397598073e-06 4.365414070288398e-09
110.0 700.0 1.952385804266205e-06 5.985896333251203e-07 4.850043317848279e-06 1.0252519251224167e-06
110.0 750.0 2.193229066052423e-06 1.2666905021859487e-06 5.5599423538078514e-06 3.842587506523993e-06
110.0 800.0 2.32894451347618e-06 5.512345183255958e-07 7.002230322537352e-06 3.5819346610226478e-06
110.0 850.0 1.3242204181637301e-06 2.489981018547662e-07 9.674148124622395e-06 1.952012097257011e-06
110.0 900.0 2.4160427120508895e-06 1.3499620479342319e-06 8.919887748314752e-06 4.387713909731875e-06
110.0 950.0 2.822581533638516e-06 7.382053978845051e-07 1.580310851282176e-05 4.622853133356855e-06
110.0 1000.0 2.580222295967057e-06 2.445581885247063e-06 9.951871911088407e-06 8.67657072890809e-06
110.0 1075.0 2.4071170227965734e-06 2.046724507934303e-06 1.421124433642943e-05 1.283660495459076e-05
110.0 1125.0 2.9132591628831733e-06 8.509550742814696e-07 2.668255412792282e-05 1.1827162639487954e-05
110.0 1200.0 2.439826798585368e-06 1.4394395955771874e-06 2.4653069791440398e-05 2.1069433907368184e-05
110.0 2875.0 8.712929382660624e-06 7.1846569150836205e-06 0.0006683932786356759 8.245777231795693e-06
110.0 2925.0 3.5521548439299875e-05 5.415852937839453e-07 0.0006939475357349777 8.217226057014434e-06
110.0 3000.0 3.6912206414156094e-05 3.272764715491846e-06 0.0007201681325099937 2.156566002347423e-06
110.0 3050.0 4.005785254129569e-05 1.3286756500925886e-06 0.0007425674492386502 2.0489964541289636e-06
110.0 3125.0 4.4404472089163873e-05 7.290477927359337e-08 0.0007690977119738803 4.408228386710415e-06
110.0 3225.0 5.334242409824931e-05 6.424866982281963e-06 0.00083138332864789 5.730933118383538e-07
110.0 3250.0 5.1995331323603155e-05 2.44457573460809e-06 0.0008402693606192271 2.193070177006895e-06
110.0 3325.0 5.702121524800813e-05 3.680545413097758e-06 0.0008616550042209393 1.976350706396109e-06
110.0 3375.0 5.800884537576169e-05 2.604281258976726e-06 0.0008831104729745912 8.179487370846713e-06
110.0 3425.0 5.752437068167771e-05 6.741808139603785e-06 0.000919600830226124 5.921907019621268e-06
110.0 3500.0 6.853137688284729e-05 4.2267740429118e-06 0.0009683162757551096 1.1278572841806186e-06
110.0 3525.0 6.897886115296972e-05 3.222519047621534e-07 0.0009958237935573332 1.4788061994822024e-05
110.0 3625.0 8.109195772553801e-05 1.5446438355203318e-06 0.0010307738291814963 1.5379602190263478e-05
110.0 3725.0 8.58650275952317e-05 4.93377844145122e-06 0.0010818744296038384 1.3730684844338963e-06
110.0 3750.0 9.305640552134446e-05 8.395936440697887e-06 0.0010565134226325676 1.3050066038859498e-06
110.0 3825.0 9.40217144263294e-05 8.351140286173933e-07 0.00112510766681515 1.3119259453157285e-05
110.0 3875.0 9.547422223939529e-05 2.6953426659651985e-07 0.0011328610221764952 1.2413007046088017e-05
110.0 3925.0 9.331663259452125e-05 9.760934946758226e-07 0.001164747458805769 7.707578438765002e-06
110.0 4000.0 0.0001062919108903942 3.166934598228603e-06 0.0012140389899347789 2.083279341844365e-05
110.0 4025.0 0.00010923786326048531 8.287618196373832e-06 0.001262072815202784 1.47459869785988e-05
110.0 4225.0 0.0001263599741295664 2.772498440050712e-07 0.001318281762781339 7.100969110029354e-06
110.0 4250.0 0.00012181757116647954 3.541030324469655e-06 0.0013562141777992984 1.7260782850076475e-05
110.0 4325.0 0.00013036242538436412 2.2711583537489296e-06 0.001399795051905285 1.8636539540558538e-05
110.0 4375.0 0.00013638155405107705 2.5747787010644618e-06 0.0014339254197988647 1.643164318165115e-05
110.0 4500.0 0.0001471078993481654 7.376276109621423e-06 0.0014935719574978542 2.540415789159158e-05
110.0 4750.0 0.00017890511531758248 3.2856778409920444e-06 0.0016470254910202623 1.2014011346312377e-05
125.0 400.0 3.1740707152781577e-07 1.496373414725993e-07 1.2039663997029194e-06 6.476724608152671e-07
125.0 600.0 6.58501045482296e-07 4.783795606966499e-07 2.6848362361310862e-06 1.5846862165388697e-06
125.0 700.0 2.079184958908735e-06 6.980437213410212e-07 7.024316730942422e-06 2.4569134358190744e-06
125.0 750.0 5.47072433878991e-07 3.132149980665389e-07 5.1734163471281065e-06 1.7953457860108114e-06
125.0 800.0 7.424719718908908e-07 3.3026570738789625e-07 6.676050031895968e-06 1.6348125470496686e-06
125.0 850.0 1.0006361369090167e-06 3.0284581292888e-08 8.634000753315075e-06 2.1771778872965526e-06
125.0 900.0 7.474826451323851e-07 4.839420055613562e-07 4.960559935155042e-06 7.817390006372544e-07
125.0 950.0 1.6233788445316075e-06 7.932008334298399e-08 1.3217713236231723e-05 3.4206148293944897e-06
125.0 1000.0 1.0723974703437065e-06 1.1992200600902358e-07 1.7719489971144242e-05 3.696925732367079e-06
125.0 1075.0 1.3808012981358095e-06 1.3549317332283291e-06 7.930358019206375e-06 5.351893592627521e-06
125.0 1125.0 2.257694847033381e-06 2.0993180619393567e-06 1.0856453666801654e-05 8.412170628260956e-06
125.0 1200.0 1.8735102323752341e-06 1.7348860786867625e-06 1.5108493538693348e-05 9.141364966162477e-06
125.0 1250.0 2.810381703901662e-06 2.0568045524728607e-06 1.9891455768735825e-05 1.185101508782314e-05
125.0 1500.0 1.488771570581402e-06 7.241088417164865e-07 0.0001215078657126816 7.021491940531188e-06
125.0 1750.0 2.688839774147195e-06 1.4572891598620687e-07 0.0002003234784084432 1.6280089383843243e-05
125.0 2000.0 2.995428970817974e-06 7.22938321223329e-07 0.00030098527647249386 7.357911362256282e-06
125.0 2250.0 6.995471729589108e-06 2.9335902023039325e-07 0.0003997700551435672 8.658367375525848e-06
125.0 2550.0 1.3499986732860017e-05 5.881428151130556e-07 0.0005135962474913907 1.9138483622478594e-05
125.0 2750.0 1.3499986732860017e-05 5.881428151130556e-07 0.0005135962474913907 1.9138483622478594e-05
125.0 2875.0 2.527396919179777e-05 4.5472473276323793e-08 0.0006584124815600004 1.852221560855938e-06
125.0 2925.0 2.77936000781298e-05 1.431220635455414e-06 0.0006840402601888619 2.3401306900961792e-05
125.0 2950.0 2.634246870832049e-05 1.6094516236979828e-06 0.0006860985042273847 2.984685349047093e-08
125.0 3000.0 2.791412077045185e-05 2.047214051059622e-06 0.0007063032732494446 3.83817076437983e-06
125.0 3050.0 3.21965475012928e-05 2.2929122540080115e-06 0.0007542148892842235 7.176309780469718e-07
125.0 3125.0 3.200196892199908e-05 1.0121562879490047e-06 0.0007669386312816564 8.878751982745865e-06
125.0 3150.0 3.706358925445587e-05 1.0509817359076524e-06 0.0008017679854251961 8.526146137995976e-06
125.0 3250.0 4.0408336710706134e-05 5.636148097329226e-07 0.0008304505403630692 1.4733134959634598e-05
125.0 3350.0 4.698070319310657e-05 1.776747194295414e-06 0.0008822414733688116 3.480310565294964e-06
125.0 3375.0 4.522768115010633e-05 1.0880270082743505e-06 0.0008869394942625769 6.022825222377767e-06
125.0 3500.0 5.850319978138981e-05 1.823620546136447e-06 0.0009530077674538471 1.7723457990399006e-05
125.0 3550.0 5.36468329065691e-05 1.3665706377678166e-06 0.001005442255582309 6.017696856578011e-06
125.0 3625.0 6.372758459769071e-05 2.272348493457362e-06 0.0010384526468205232 1.806744357250848e-05
125.0 3750.0 7.434404286274141e-05 2.735874562933782e-07 0.0010975355220504887 2.498514948102108e-06
125.0 3875.0 7.652144168020235e-05 1.2775777742101295e-06 0.001186674286325003 1.9171543846769742e-05
125.0 3950.0 8.22065100702043e-05 3.6162967601213994e-06 0.00119120765803772 1.1083074603637874e-05
125.0 4000.0 8.408841272862504e-05 5.172101465616212e-06 0.001238213943865248 2.6425583179574614e-05
125.0 4125.0 9.688316698635812e-05 7.354719712828395e-06 0.001293240479849562 1.0931292911952422e-05
125.0 4150.0 9.382575853615319e-05 7.400355166709598e-07 0.0013315118556898192 1.1738046937684505e-07
125.0 4250.0 0.00010049112555239888 7.269433453898078e-06 0.0013324995008230217 9.746854217986349e-06
125.0 4350.0 0.00011772686507982969 1.5922557779383712e-06 0.0014095071341195314 7.424140674055242e-06
125.0 4375.0 0.00011561612654024876 9.856757081920442e-06 0.00145071685723465 1.7796966245678432e-06
125.0 4500.0 0.00012216963682604962 3.0981551082779187e-06 0.0015382962427625635 3.819071633249702e-05
125.0 4550.0 0.00012236867694028386 5.146760165889308e-06 0.001554946608926335 8.984770245888759e-06
125.0 4750.0 0.00014827405100337738 2.211248904964484e-06 0.0016756197222031585 1.3947517340167437e-05
125.0 5000.0 0.00017250861838891617 4.948991248601346e-06 0.0018898183291577995 2.2901239997630777e-05
150.0 1000.0 1.5413533295582641e-06 1.37528633678338e-06 7.221475771109896e-06 5.135070445761486e-06
150.0 1250.0 1.6631202868389558e-06 1.2033639378072196e-06 1.543946306880784e-05 6.401894100882074e-06
150.0 1500.0 1.9852278823820595e-06 9.037368174998359e-07 1.0747707124615495e-05 4.670807431146026e-06
150.0 1750.0 2.080923055821128e-06 2.0090247882681946e-06 3.534695521416886e-05 1.8000845441616384e-05
150.0 2000.0 1.717902827564864e-06 1.5926537101899046e-06 0.00017164863820284872 5.3248283856999947e-05
150.0 2250.0 1.1708641588894702e-06 1.0816484320928347e-06 0.0003689643885405085 1.0610361788690349e-06
150.0 2500.0 7.050145616547878e-06 1.002409723663492e-06 0.0005105874808442767 1.2520302439051564e-05
150.0 2875.0 3.9305125860177636e-07 4.2474431901905996e-07 0.0006920624524998604 1.0366459900652399e-05
150.0 2925.0 1.7251178563394073e-05 3.052089346171757e-07 0.0006711843433143334 4.672500690792999e-06
150.0 3000.0 1.927338773059281e-05 1.15718017332088e-06 0.0007131160809666345 2.5753302429426604e-06
150.0 3050.0 2.1331316088343186e-05 2.55737680886701e-07 0.0007357591952593805 1.006757343833377e-05
150.0 3125.0 2.2831940222780124e-05 2.573040577619627e-07 0.0007976356314278601 8.237843885157758e-06
150.0 3250.0 2.78523390329764e-05 1.930626430864979e-06 0.0008400026668212517 5.516936481573609e-06
150.0 3375.0 3.21306590614e-05 4.603082693904877e-07 0.000881515999845067 1.1292580492619447e-05
150.0 3500.0 5.8251029548191e-06 5.125147782145276e-06 0.000949764050341984 1.28675189109036e-05
150.0 3625.0 4.5072445007495376e-05 3.3353618891699787e-08 0.001029094744890323 2.270817789636581e-05
150.0 3750.0 5.232083465830161e-05 1.3812586677109015e-06 0.0010772960797296718 1.683172850697427e-06
150.0 3875.0 5.573900238512462e-05 1.3375743136211225e-06 0.0011568294723315262 3.622760529442637e-05
150.0 4000.0 6.574910915485496e-05 6.677337033202576e-08 0.0012326409235935097 4.757148380276633e-06
150.0 4125.0 6.988956823075383e-05 9.327402169311641e-07 0.0012802386595646758 3.130603986430328e-05
150.0 4250.0 8.338395114173271e-05 2.406760184635622e-06 0.001353980222481919 6.129671216195002e-06
150.0 4375.0 8.88069376419816e-05 1.7306110297864886e-06 0.0014569615272851152 2.0002467581695292e-05
150.0 4500.0 0.00010433493364867117 6.20892276934093e-06 0.0014927804161385056 2.3510197437243245e-05
150.0 4750.0 0.00011440483857009688 6.406338503565994e-06 0.0016719325348534637 2.9680094041522766e-05
150.0 5000.0 0.0001417502843931052 6.611200173159142e-06 0.001836528633319615 2.4747014076729103e-05
175.0 1000.0 2.3183932457199586e-06 5.2795214686420425e-09 1.0554911903896005e-05 4.222804964614639e-06
175.0 1250.0 6.411500439386484e-07 6.228433432832327e-07 6.128875500192615e-06 5.737863557756509e-06
175.0 1500.0 2.0390926832396814e-06 2.0738092410630996e-06 1.3786950578402035e-05 1.2991408332899833e-05
175.0 1750.0 1.4602294216646171e-06 1.212498187418607e-06 2.6407445520213742e-05 1.3509053950385345e-05
175.0 2000.0 2.421421447872203e-06 1.7006354378739697e-07 0.00016313961874070076 6.630913345455426e-05
175.0 2250.0 2.9975035659527755e-06 2.5420067937548507e-06 0.00018527266898551336 6.672058285556631e-05
175.0 2875.0 1.5640462096540378e-06 4.421352933189282e-07 0.0006466225140017212 2.2454853889586347e-05
175.0 2925.0 2.1898784318693842e-06 8.880352545386111e-07 0.0006888614493832615 1.060808646717053e-05
175.0 3000.0 1.2040554514219122e-05 1.0718207266001284e-06 0.0007245543014431743 2.1808604983585057e-05
175.0 3050.0 2.128815809859064e-07 1.401191566432662e-07 0.0007559519686734723 1.2540375032159547e-05
175.0 3125.0 1.4291875938627547e-05 2.1918515336672663e-06 0.0007668426251801451 1.5566955530208895e-05
175.0 3250.0 1.898594258826217e-05 7.923483551652289e-07 0.0008415727165743549 9.899070673290389e-06
175.0 3375.0 2.240842570345494e-05 5.971878719918463e-07 0.0008933068543987502 3.8107029593113854e-05
175.0 3500.0 2.969687714172963e-05 7.432854507479473e-07 0.000955600652940537 4.416390786046521e-06
175.0 3625.0 3.114898156731356e-05 1.681026541796397e-08 0.001032475459315233 8.053894789531846e-06
175.0 3750.0 4.1217434085468005e-05 2.236856615858851e-06 0.001099238780378555 4.7886947839453834e-06
175.0 3875.0 4.710096283383211e-05 2.72272210097861e-06 0.001180255935866898 3.184686021770489e-06
175.0 4000.0 5.038196190369601e-05 2.088075009876704e-06 0.00122651674037916 1.9071187233759327e-05
175.0 4125.0 5.816474047621512e-05 7.352803465368411e-08 0.0013051188429529267 1.5948532921286803e-06
175.0 4250.0 6.351699041366267e-05 3.24100037205867e-06 0.0013829820921752293 1.747167192222759e-05
175.0 4375.0 6.861396695191017e-05 5.779114264116665e-07 0.0014192311508203356 4.4104635252559164e-05
175.0 4500.0 8.315439712316746e-05 3.9976195812440424e-07 0.0015117547693931223 8.210684083610906e-06
175.0 5000.0 0.00011969303447125873 3.678443634845611e-06 0.001846483549784173 2.737548304971078e-05
200.0 1000.0 1.55524694199092e-06 1.5178253153438839e-06 3.573983767977879e-06 3.2977148429126725e-06
200.0 1250.0 1.7603192233032573e-06 1.6860058763438123e-06 6.400867150374561e-06 5.247215348881512e-06
200.0 1500.0 1.6031246895000932e-06 1.5050512630445395e-06 1.9594799425057252e-05 1.168199171387836e-05
200.0 1750.0 9.596131230683544e-07 9.474167232115732e-07 1.3681856170296562e-05 6.737646751761116e-06
200.0 2000.0 2.524798560686879e-06 2.007428705031171e-06 5.9140120100124385e-05 4.1563183513142137e-05
200.0 2250.0 1.3993084624844616e-06 9.861132161947793e-07 0.00020037887445651617 7.707613844929781e-05
200.0 2500.0 3.1062858432166454e-06 2.788107547179632e-06 0.000469229465038586 1.3363249964627678e-06
200.0 3000.0 7.254802559072406e-06 1.461598602157825e-06 0.000732828695446753 4.052437550156008e-06
200.0 3500.0 1.0210270703723833e-05 5.319027330686279e-06 0.0009733644540907548 1.251259380130243e-06
200.0 4000.0 3.9931299910406955e-05 2.487569076467507e-06 0.0012095554055225515 2.240933229078597e-06
200.0 4500.0 6.270931806871831e-05 4.171713711044596e-07 0.0015204562148482983 2.7570683673790345e-06
250.0 2500.0 1.7271343137108633e-06 1.3273434454530874e-06 0.0004969887493380362 1.0023914860601657e-05
250.0 3000.0 3.763107484632888e-06 2.1389386014857007e-06 0.0007321719361426431 6.189419551774596e-06
250.0 3500.0 8.79144395998934e-07 8.137948581321601e-07 0.000965589528246128 1.0140072868460179e-05
250.0 4500.0 4.4129438656316854e-05 1.791674687893023e-06 0.001497838341875321 1.0607188736781126e-05
300.0 2500.0 3.163933639948251e-07 1.7945494386467764e-07 0.0004977317582677958 3.154939547047627e-06
300.0 3000.0 2.6961541068887682e-06 2.7023368610007036e-06 0.000701655436014265 2.7889302636762578e-05
300.0 3500.0 6.682292833530892e-07 3.513326688603658e-07 0.0009456226203279586 1.5885525940635384e-05
300.0 4500.0 2.8333870194454835e-05 9.648270043884965e-07 0.001531637215026837 4.237773435471534e-05
300.0 5000.0 4.578249707788695e-05 1.1566783650972153e-07 0.001801546374045117 1.2849619822247505e-05
400.0 2500.0 2.770099199210652e-06 2.3334016290171137e-06 0.0004792330685928851 7.131725584316466e-06
400.0 3500.0 3.140160620420987e-06 2.8277214200129865e-06 0.0009294548144458695 1.9491456648896312e-05
400.0 4500.0 2.7365455533950044e-06 2.3672228245149293e-06 0.0013891944977699766 1.616200430866037e-05
