20.0 600.0 -3.836532883434044e-09 9.158794589800349e-09 -4.674993129436042e-10 8.799527665049242e-10
20.0 700.0 1.361827195275908e-08 2.773586686590207e-08 1.3069856397430046e-06 1.0203812185938359e-07
20.0 800.0 7.43524895805408e-08 5.826806266731736e-09 3.7918016159179752e-06 8.442441723593634e-07
20.0 850.0 1.0234340043702101e-07 2.2248489222040448e-08 5.90434696010211e-06 5.858082510883258e-07
20.0 1000.0 4.357898002227705e-08 3.740022179666995e-08 9.66507809440241e-06 1.7300537159661509e-06
20.0 1100.0 3.23552268335583e-07 6.213642723618051e-08 1.3963284944486473e-05 1.4257749437388705e-06
20.0 1250.0 4.3461055155997434e-05 1.3413519328680994e-06 6.558110993271896e-05 4.141844524722105e-08
20.0 1350.0 5.673216543253218e-05 2.5888757085777056e-06 8.724638187684404e-05 7.630772464205834e-06
20.0 1450.0 6.159376717741344e-05 1.5876553296322539e-06 0.00010414552555699961 3.366959012952875e-06
20.0 1500.0 7.240339878325133e-05 4.285759544455233e-06 0.00011551798187923293 1.1913442201917812e-06
20.0 1750.0 0.00010680050073869226 5.3418284667872205e-06 0.00017284006813093628 1.083075567110181e-05
20.0 2000.0 0.0001405676230503542 5.2893550775933535e-06 0.0002228585539311038 4.43550241710257e-06
20.0 2250.0 0.00019458990161270987 1.7770560765294396e-05 0.00029255055982359876 4.983691095456007e-07
20.0 2500.0 0.00020983892936431983 1.3590223538543076e-05 0.00037013469157566825 2.492481339247732e-07
20.0 3000.0 0.00030015613392159646 1.1431944250378923e-05 0.0005561893538544477 2.8617616714723523e-05
20.0 3500.0 0.00037701868244278844 2.593118570013786e-06 0.0007013718976688689 2.6955756846840908e-05
20.0 4000.0 0.0005548050574683441 6.225221558248509e-05 0.000998051498018356 5.912150853772715e-05
25.0 1300.0 -1.3474322395780033e-08 7.015254354921282e-08 3.0720113375998094e-05 2.6595868621416183e-06
25.0 1500.0 5.4331925191848066e-05 1.1809940301068004e-06 0.00010495648096338875 1.1492352816455517e-06
25.0 1700.0 7.280660932181477e-05 3.5116650957155958e-06 0.00014847187587208833 3.3890540413497784e-07
25.0 1900.0 9.96151316214093e-05 3.845081969247747e-06 0.00019511293221147747 1.2039892033641606e-06
25.0 2100.0 0.00011748480711876497 1.2570340066698313e-05 0.0002444218760971682 1.4959344666471086e-06
25.0 2300.0 0.0001421313117044216 7.505101628910612e-06 0.00028967030380455325 8.77757607039511e-06
30.0 600.0 -2.3893969311649063e-09 5.157013573292659e-09 8.536005553604802e-08 1.3169277088762893e-08
30.0 850.0 1.7965397627533008e-08 5.424894454304512e-09 1.0394194079143748e-06 9.113551190850894e-10
30.0 1100.0 5.083261910855359e-08 8.930496683771875e-08 2.576240545982233e-05 1.4677075183201032e-06
30.0 1250.0 1.001117215528644e-07 6.106788547305694e-09 3.642368962838767e-05 3.226279873275486e-06
30.0 1300.0 -2.994543077933031e-08 7.263011555372679e-08 3.877439257734883e-05 7.939739218399523e-07
30.0 1350.0 -2.4137863508042957e-08 8.824982119924142e-08 4.4074895335263386e-05 5.879329902349222e-07
30.0 1450.0 3.7060423840179126e-07 3.504861954981952e-07 5.190974351690339e-05 1.3646265786342836e-06
30.0 1500.0 7.05153020885089e-08 3.5806595126422596e-08 6.205909932803122e-05 1.897742971751178e-06
30.0 1700.0 5.460729122417627e-05 7.683446095884968e-07 0.00014397580589184289 5.69094963734722e-06
30.0 1900.0 7.822343766098256e-05 3.859549854282777e-06 0.00020394563385192388 8.731633093862859e-07
30.0 2100.0 9.847289488077507e-05 3.5378143222104753e-06 0.00025223100550694224 9.348243020518081e-06
30.0 2300.0 0.00011361350077608504 1.1298006912877183e-05 0.00032147009080279136 3.1101311509442137e-06
40.0 600.0 2.791638571508965e-09 3.7147640581338714e-09 1.1546357002124111e-07 1.3285280497847233e-07
40.0 850.0 3.931359088628974e-09 4.037240298233758e-09 1.5454549238085407e-07 5.9316999211918694e-08
40.0 1100.0 -2.9799318599075986e-09 9.870233567064357e-10 1.5538938903362549e-06 4.327673467600344e-07
40.0 1250.0 5.241113213516875e-09 1.6762363885624364e-09 1.9691131888040713e-05 1.6561051768174002e-06
40.0 1350.0 9.075080354560795e-08 4.845025351959372e-08 7.38280373761095e-05 1.5204389098251023e-06
40.0 1450.0 3.165222512583677e-10 2.301493833533353e-08 8.518886407521653e-05 2.336696580130012e-06
40.0 1500.0 -4.610005466359766e-08 1.1128545302903702e-08 9.537393909621233e-05 5.47525413063239e-06
40.0 1700.0 5.384506741268486e-08 5.074125184136644e-08 0.00013305886112639643 4.952548845914244e-06
40.0 1900.0 1.002983199766377e-06 9.226923750998272e-07 0.0001642725365052457 1.7202874220120308e-06
40.0 2100.0 7.007500142485754e-05 4.965675479307674e-06 0.00027152245492589926 7.031621918774771e-06
40.0 2300.0 8.622924968218712e-05 1.907421309486142e-06 0.0003272721264914259 7.307574547732661e-06
40.0 2500.0 0.00011173309130988252 6.544608382458391e-06 0.0003963501879767934 7.58070388930392e-06
50.0 600.0 -8.580614435167409e-10 1.4486970788739487e-09 1.7178082718151127e-08 1.7924554563091952e-08
50.0 850.0 -3.0596358342735474e-09 9.155317503363975e-10 2.9779405174744823e-09 9.426470058779367e-09
50.0 1000.0 -9.015992884202155e-10 5.144215462958904e-09 4.0193298623979265e-08 1.4608485157252034e-08
50.0 1100.0 -2.5303229022426038e-09 1.156873561825619e-08 2.712158858318337e-08 2.77691406524552e-08
50.0 1250.0 5.128975596167392e-10 5.725560210349006e-09 2.5702212755162837e-06 5.255241941359877e-07
50.0 1350.0 8.411799786769804e-10 6.567100031676428e-09 7.349117902358561e-06 1.169745897490108e-06
50.0 1375.0 1.7431790019005608e-09 5.099543123893309e-10 1.2413135410932807e-05 6.370613208884972e-07
50.0 1450.0 3.387718293445607e-09 8.870238576063055e-09 2.2813820265300487e-05 2.371012167582768e-08
50.0 1500.0 1.2086163832232478e-08 1.662922685924758e-09 4.7490220172520495e-05 3.5165776792733807e-06
50.0 1625.0 6.276948464509763e-09 4.453339997404269e-08 0.00015601794922366413 5.298320828903114e-06
50.0 1750.0 1.0558824067254015e-08 2.9580373065451123e-08 0.00017932940044695 2.5873681838233987e-07
50.0 1875.0 -6.638092627546953e-08 5.6988022930852854e-08 0.00020807917613168631 3.35886908493257e-06
50.0 1950.0 9.726787182997987e-09 9.044365557802212e-08 0.00023978200354311832 5.121990787545169e-06
50.0 2000.0 -1.7997042831009813e-08 3.893467634522873e-08 0.00023880577551403916 4.120390988974476e-06
50.0 2050.0 7.180351789610847e-08 4.4214345236318356e-08 0.00025180626042108756 9.929521028350526e-06
50.0 2125.0 3.8594113980009286e-08 1.102454064871051e-08 0.000278492152479703 6.134804026131166e-06
50.0 2250.0 3.0932929697017334e-07 2.648096499391191e-07 0.0003074118753110867 8.934406784048458e-06
50.0 2375.0 4.842277286327424e-07 4.956134792314427e-07 0.00031264699005841196 9.791912521092794e-06
50.0 2400.0 2.4304465380340817e-06 1.6460677697271054e-06 0.00035376737775455637 4.3532808529099276e-06
50.0 2450.0 4.313359282079936e-05 3.0009138320395495e-05 0.0003869247234175974 1.9303753639964418e-05
50.0 2500.0 9.062263044977935e-05 5.8441860225701305e-06 0.00043091884463524805 1.3379308706272574e-06
50.0 2625.0 8.426976474907066e-05 7.065452352175062e-06 0.00047420192412004253 1.3793476147816128e-05
50.0 2750.0 0.00010073075290059421 7.36132457658667e-07 0.0004917176954939856 8.599361950155693e-06
50.0 3000.0 0.00013546618269896248 2.5736285366466215e-06 0.0006042835335690039 3.5478200693697265e-05
50.0 3250.0 0.00015643574169145767 1.769543343213768e-06 0.0006887832351681875 1.113923269272199e-05
50.0 3750.0 0.0001964291515233026 6.469981032263158e-06 0.0009015471201914856 7.487156373021738e-07
60.0 1000.0 1.0298475783732665e-09 2.039232733911728e-09 -5.048536869697889e-09 1.0691133667301586e-08
60.0 1250.0 5.997853536405515e-10 9.992214181600456e-10 2.8994970041444035e-07 1.959649585529845e-07
60.0 1500.0 9.42312326607962e-09 1.5953166782220265e-09 9.896719849682878e-06 1.5303953268520438e-06
60.0 1750.0 5.8089980729573836e-08 4.141773198479458e-08 0.00017233684765103962 7.656358813452213e-06
60.0 2000.0 1.557037164838357e-08 6.978742743858565e-10 0.0002663664983466082 5.301314285987413e-06
60.0 2250.0 2.6063263663380883e-08 9.479836176229964e-09 0.00035338552012204933 6.506179864146649e-06
60.0 2500.0 7.071652681129327e-09 8.070171222018008e-08 0.00041412150916071266 5.0884865047025645e-06
60.0 3000.0 9.328497084037529e-05 7.527660599286964e-07 0.0006005530204992244 3.731170730703983e-05
60.0 3500.0 0.00013399175610572973 1.8085976915148705e-05 0.000860185432994764 5.124941582925639e-05
60.0 4000.0 0.00021502321898806513 3.221658622566034e-07 0.0010934826358030354 2.3259919843553572e-05
70.0 2100.0 3.662031894259481e-09 1.301217732663243e-08 0.00031665736519077256 4.024812782810431e-06
70.0 2300.0 8.838389116259467e-09 2.8834871479924e-08 0.00037579564863739293 1.8271885673011244e-05
70.0 2500.0 1.0571072342785832e-08 4.6356565775434853e-08 0.00045227696771459107 5.7835218006793815e-06
70.0 2700.0 -6.528861839333324e-09 2.5682407408747755e-08 0.0005525865690150053 1.2561842588458265e-05
70.0 2900.0 5.2844469667714154e-08 3.314086351329478e-08 0.0005801752531366304 5.0746739793762666e-05
70.0 3100.0 6.775234335511772e-05 1.859228356591745e-05 0.0006954015455622267 1.5390320024321547e-05
70.0 3300.0 0.00010315594190366186 2.400035297641101e-06 0.0008065328705289224 4.739491413647201e-06
70.0 3500.0 0.00011959486509767924 2.730744839599571e-06 0.0009012611709401635 4.363459328642622e-05
70.0 3700.0 0.00014166101966610125 2.4112650935720865e-06 0.0009847779315235322 4.9595273608638915e-05
70.0 4000.0 0.00015197159893701767 1.2819432508841486e-05 0.0011362423513926524 5.5435684505377835e-05
80.0 1000.0 2.3087449816206762e-09 5.39279195508751e-10 3.807145940257164e-09 1.0699858092741909e-09
80.0 1250.0 1.8487718565776707e-09 9.169701663560991e-09 1.4095738636910389e-08 2.7556932223323436e-09
80.0 1500.0 7.005103654323887e-09 2.1381750976645116e-09 3.0281731568060744e-06 7.855254713141734e-07
80.0 1750.0 3.202481888583559e-09 7.886266443155322e-09 1.7970570929170354e-05 8.922363361007436e-07
80.0 2000.0 -7.882036577599239e-10 7.575468996273523e-08 0.00019239378041085756 3.997342595505877e-05
80.0 2250.0 -1.013401468417073e-08 2.21277405654514e-09 0.00039961128885940354 1.2635653578750362e-05
80.0 2500.0 -9.119325215868153e-09 7.851223914816845e-09 0.0004994373149729238 8.226447574142527e-06
80.0 3000.0 3.941972483940976e-08 5.242723124159395e-08 0.0006918222007701225 2.5979408458311326e-05
80.0 3500.0 0.00011337547170569712 5.804775053717341e-06 0.000908394897459344 1.0828446280744627e-05
80.0 4000.0 0.00014806360694722128 8.459988166196271e-06 0.0011507548678224434 1.634718956493598e-05
90.0 1000.0 3.448245078905104e-10 9.470399724273e-10 1.6139953306250393e-10 5.685586550221469e-09
90.0 1250.0 5.262720462082898e-09 6.231038230072713e-09 3.4111827711187303e-09 3.928965904632328e-09
90.0 1500.0 1.0800600303467488e-09 3.955329076318896e-10 7.701796024218211e-07 6.570670740271934e-07
90.0 1750.0 -9.844838749283807e-10 3.867713880282455e-09 1.0076885056152168e-05 8.637991116913019e-07
90.0 2000.0 1.6428531315199645e-09 3.550129272972994e-10 6.783528446183244e-05 2.6939220416527485e-06
90.0 2250.0 7.786464774937308e-09 9.56310913065496e-09 0.0003792030732508755 1.2972286927417632e-05
90.0 2500.0 3.4158382922950755e-10 1.9119125388851012e-08 0.0004976196133168138 1.4074182380244014e-05
90.0 3000.0 -5.152967159967035e-09 1.6622254640882366e-08 0.0006942155846252225 2.9654271461904893e-05
90.0 3500.0 2.305263397542484e-06 6.340796502794171e-07 0.0009237253806882951 2.82980786297576e-05
90.0 4000.0 0.00012757394714490742 1.109340716063892e-05 0.001235002331120632 2.1944243718184118e-05
100.0 400.0 6.927809102954257e-10 6.084140512587086e-10 1.464456591420629e-09 3.633320905253823e-10
100.0 600.0 2.1618641176279814e-09 3.665565710589752e-10 2.4781392614536226e-09 2.1805469922065526e-09
100.0 800.0 -5.294884464794469e-10 1.943061540038221e-09 -7.508978330415831e-11 2.6013868370216963e-09
100.0 900.0 -1.3066664359863713e-09 3.1635119056113846e-09 -3.883941725087357e-10 2.0409045995578183e-09
100.0 1000.0 -4.0595933213032165e-10 1.2279792755854535e-09 1.1414452836242487e-09 7.922287953910009e-10
100.0 1100.0 1.0282691123825653e-11 2.476303496547081e-09 -1.3270244328311703e-10 2.818647168918974e-09
100.0 1250.0 3.859242708185932e-09 2.6108962484807788e-09 7.052389289973327e-09 3.301885527630457e-09
100.0 1375.0 1.761812313069019e-09 1.624971707188389e-09 -1.0480891474980762e-09 2.1765989733950535e-09
100.0 1500.0 1.3982182610420805e-09 4.39667303721514e-09 7.892181555900683e-08 1.3967008602867262e-08
100.0 1625.0 -4.306733606142984e-09 4.54259761742467e-09 1.348582921396431e-06 4.70058762534088e-08
100.0 1750.0 9.4217899738688e-10 1.2589728871919179e-08 3.677115633560229e-06 8.072617125232232e-07
100.0 1875.0 7.461930436893736e-09 1.5210417029913354e-10 1.2647043832819894e-05 5.041174421635634e-08
100.0 1950.0 4.4017024754837495e-09 1.0797654632029349e-08 2.7800743333292863e-05 1.0741153250740006e-06
100.0 2000.0 -2.611523481066798e-09 1.0466314335635645e-09 3.597353896282205e-05 1.576314455300813e-06
100.0 2050.0 -5.378818890530455e-09 1.1069224522338826e-09 5.541230915763974e-05 1.0617807854218508e-06
100.0 2125.0 9.351752744124064e-09 8.26685584125637e-09 0.00011073786209052819 5.1225964811866845e-06
100.0 2250.0 -8.938008317006244e-09 8.98688813461412e-09 0.00036815993310506165 3.956949985992195e-06
100.0 2375.0 -1.8067160077031053e-08 1.711338511196399e-08 0.0004360722456823363 4.2470056310803215e-06
100.0 2400.0 2.0355972493803673e-08 2.906242861707938e-08 0.00044185685979957504 3.544449937342028e-06
100.0 2450.0 -5.827254188166742e-10 1.0281713497002855e-08 0.0004672206244290007 1.5593882747688336e-05
100.0 2500.0 -1.1084735447401962e-08 4.530140895598722e-11 0.0004746050803311228 8.364955821270038e-06
100.0 2625.0 -1.156502879755152e-09 4.343286726549894e-09 0.0005568449601569031 2.0182573478231094e-05
100.0 2750.0 2.8624048753116062e-09 5.255114831986838e-10 0.0006011810015677846 7.638421986860305e-06
100.0 3000.0 -1.6744905212424504e-09 3.2416164451929548e-09 0.0006796315829974757 4.15292328917977e-06
100.0 3250.0 7.458092389428366e-08 2.6171966114704246e-08 0.0007977828660420312 4.420617216260763e-05
100.0 3750.0 2.246263846138598e-06 2.2549474338877623e-06 0.0010910803050020535 3.792490065176827e-05
110.0 1000.0 9.678787760505148e-10 3.19962509031527e-09 2.8121319616051447e-09 4.075302765970799e-09
110.0 1250.0 1.307419589144845e-09 5.385439530222616e-10 1.8135554883654417e-09 2.215611541675953e-09
110.0 1500.0 -6.876475657900863e-09 2.7623506754490783e-09 9.904664379868416e-08 9.179189225661963e-08
110.0 1750.0 6.493424324703796e-09 8.543733294199296e-11 3.6540014289179366e-06 2.0425834122714863e-07
110.0 2000.0 3.993413402424526e-10 5.263532232257015e-09 2.140017354251834e-05 1.0634846869454616e-06
110.0 2250.0 -1.3274786389426682e-08 3.8041930834309925e-08 0.0002252754756604775 1.2426994648361945e-06
110.0 2500.0 4.1152407100589e-09 2.0781619610886837e-08 0.00047515872209586666 1.072693852211509e-05
110.0 3000.0 -9.717623958388701e-09 1.9886505430645516e-08 0.000701810175768212 4.394583030387385e-07
110.0 3500.0 3.061609250718234e-08 2.6222565217297666e-08 0.0008968596323357941 1.2206002704638408e-05
110.0 4000.0 6.686570747122808e-05 3.221355123901588e-05 0.0012407996023741145 2.1456794108772808e-05
150.0 400.0 5.981162609603712e-10 2.8978790865843985e-10 2.470391422407363e-09 2.3516045056670183e-09
150.0 600.0 1.864231220465336e-10 7.571018601987906e-10 2.306527208508272e-09 1.1588322956315038e-09
150.0 800.0 -1.6412450286157226e-09 3.777747979204494e-09 1.074817288637732e-09 5.283191295972059e-09
150.0 900.0 -1.3060096032904253e-11 2.532775128409961e-09 4.490682638155498e-09 1.2921291264292764e-09
150.0 1000.0 -3.8005460265728837e-10 2.9436170954195357e-10 1.5380697285666877e-10 1.6519977833889481e-09
150.0 1100.0 2.008809382373793e-09 1.9489049090412264e-09 9.85367600982974e-10 2.8427560064239386e-09
150.0 1250.0 3.45623718501634e-10 5.97274556761193e-09 3.856354390788582e-10 3.5704829381775554e-09
150.0 1375.0 4.040662071561321e-09 7.827390846805003e-09 2.1008155147992194e-09 5.6725088440802575e-09
150.0 1500.0 5.770046938486267e-09 5.934117777147356e-09 4.472399468647176e-09 9.177060761932615e-09
150.0 1625.0 1.058456708844901e-09 8.00037793872497e-09 -1.5686968216512548e-09 7.091554188640616e-09
150.0 1750.0 7.835553618257284e-10 4.621416715615155e-09 1.325314317025545e-07 5.1980558225371187e-08
150.0 1875.0 -2.9597849588784954e-09 1.358263332321688e-09 1.3940131972592813e-06 5.478321409482596e-07
150.0 1950.0 -2.6474757904454497e-09 7.978418202389569e-09 4.3689926486346475e-06 4.178141432197902e-07
150.0 2000.0 3.968897635160993e-09 9.194779482167466e-10 5.4480933541546096e-06 1.3941996884817057e-07
150.0 2050.0 4.445785944697436e-09 1.1393128072060358e-08 6.950958423945125e-06 1.280545646524194e-07
150.0 2125.0 2.726547342461902e-09 7.469326256814151e-09 1.2298814343777864e-05 2.1520626607746703e-06
150.0 2250.0 -7.575050762107236e-09 3.809566260829857e-09 3.1194511091725656e-05 1.8024362035483317e-06
150.0 2375.0 1.0840653375171073e-09 4.078596333785323e-09 9.969862402623645e-05 1.358480291243991e-06
150.0 2400.0 -1.8317590276619173e-08 1.2171392820044366e-08 0.00013135585251185792 5.33912426925928e-06
150.0 2450.0 -2.791326113917792e-08 5.884041232637089e-09 0.0002710827139965142 3.1974208629093564e-05
150.0 2500.0 1.9666240537758364e-08 1.1833871236015454e-09 0.00040321064783158296 6.676307199463831e-06
150.0 2625.0 4.4664428561533e-09 2.313720060276749e-09 0.000512561196486167 1.528514463756645e-05
150.0 2750.0 -5.833143666095632e-09 2.2829618328397298e-08 0.0005891522575758607 2.980315592205211e-06
150.0 3000.0 4.16245183828506e-08 4.002738724689961e-09 0.0007011856097003904 9.561874581334885e-06
150.0 3250.0 1.4284494941761495e-09 6.170071466575473e-09 0.0008340933418007952 4.5213711148191335e-05
150.0 3750.0 -1.3333735786189923e-08 1.973265539952547e-08 0.0010707038120599634 2.962528389820367e-05
175.0 1000.0 3.1432146899593804e-09 2.0058273899096272e-10 3.769575189137547e-09 1.5255520987211953e-09
175.0 1250.0 4.669977970965611e-09 2.7724514258302825e-09 3.714509796814771e-09 2.9686202027464043e-09
175.0 1500.0 1.0336626695943097e-09 5.223896945920809e-09 3.61913079096063e-09 1.1195035303486307e-09
175.0 1750.0 4.389662164608391e-09 6.736312423463438e-10 1.2532847337984403e-06 6.010056476603933e-07
175.0 2000.0 1.8506206728220824e-09 7.340001611131232e-09 1.7228170074666188e-06 1.251521859282192e-06
175.0 2250.0 1.3538969515381125e-09 4.359190843928121e-09 2.1357630225439353e-05 2.0172177730059914e-06
175.0 2500.0 -5.24604655120559e-09 2.0299446213421837e-09 0.0001810337266241832 1.5654141768095543e-06
175.0 3000.0 -1.58757479259089e-09 1.7435173389960475e-08 0.0006916021961042226 3.339211420246186e-05
175.0 3500.0 2.4813977210581303e-08 2.5688224876242518e-08 0.000961018281428564 4.466752879943101e-05
175.0 4000.0 -1.1950714622085761e-08 7.0876818966207685e-09 0.001175962205660173 1.2877706085248164e-05
200.0 400.0 9.500527795833587e-09 8.991007867899991e-09 1.149044874856684e-08 1.0330264651907635e-08
200.0 600.0 8.878244439395638e-09 1.4562959195704487e-08 1.0817089399040995e-08 1.5390283881358317e-08
200.0 800.0 7.201388527028082e-09 1.2778831407093445e-08 8.71951409641639e-09 1.633083456421341e-08
200.0 900.0 4.649037791320639e-09 5.012858143597454e-09 3.824694451242005e-09 6.203490901072261e-09
200.0 1000.0 1.2219043691564467e-09 7.938454350580872e-09 4.692377098035977e-09 7.70597817865879e-09
200.0 1100.0 6.465258715291483e-10 7.281421176242532e-09 2.9807476624284033e-09 7.58888642408707e-09
200.0 1250.0 5.750324544280505e-09 2.5351955234389653e-09 8.762450724733133e-09 1.886418365814672e-09
200.0 1375.0 1.0621461731620936e-08 1.4259773994094512e-09 9.291434848608743e-09 1.5186792547886252e-09
200.0 1500.0 2.152884012670719e-09 5.514245038140421e-09 1.1101427982418013e-09 6.0306031703165075e-09
200.0 1625.0 -1.6398612518616179e-09 7.827132067377946e-09 2.739721367017162e-07 2.8455129635181554e-07
200.0 1750.0 9.419366574645725e-10 7.94738302624984e-09 8.178562095655068e-08 8.870964183611864e-08
200.0 1875.0 -4.8421402270891316e-09 5.618243219281967e-10 4.0279362242649324e-07 1.5856466973531148e-07
200.0 1950.0 6.283607211855757e-09 4.602950590522492e-09 9.893849158964927e-07 3.618260599875172e-07
200.0 2000.0 3.0493680874645075e-09 5.651500400097653e-09 2.927086593013633e-06 1.0620410873338229e-07
200.0 2050.0 -6.783042963544199e-09 1.5582330577865634e-09 3.3899080411028508e-06 2.326774214558576e-07
200.0 2125.0 -4.21768333198977e-09 2.3964935171266544e-09 6.5294317661754645e-06 2.9303054736928984e-07
200.0 2250.0 6.6246272728085335e-09 1.4506892256265566e-08 1.7231237263300984e-05 7.511914726705427e-07
200.0 2375.0 1.555160016515409e-10 2.021531169833737e-08 3.526714411632438e-05 8.347439319014642e-07
200.0 2400.0 -8.387583623615363e-09 1.004757028408864e-08 5.308703794699829e-05 1.7702990487037126e-06
200.0 2450.0 2.013011774372607e-08 1.0805718655334868e-08 9.094283315404518e-05 2.6088822999846313e-06
200.0 2500.0 -1.0209133939976443e-08 4.288140661594732e-09 0.00013648458876295736 3.2022460444201353e-06
200.0 2625.0 -5.2297500018739935e-09 8.476931180384934e-09 0.000548630924433333 2.233260204098014e-05
200.0 2750.0 -1.6662829629372105e-08 4.3047309124717585e-08 0.0005558507629376604 5.30184755200048e-06
200.0 3000.0 -7.279930110335002e-10 6.028885504894021e-09 0.0007363512316539203 1.9278101688419665e-05
200.0 3250.0 -1.507329375167238e-08 1.342419258200475e-09 0.0008850768176277824 2.116021984206326e-05
200.0 3750.0 -1.655187317019245e-09 2.0590480474578652e-08 0.0010778692736163559 4.169649541086648e-05
225.0 1000.0 7.480734604238598e-09 1.4359133452869682e-08 8.643634245391042e-09 1.3397574442050872e-08
225.0 1250.0 6.544918633844679e-09 2.036920956174387e-08 6.193500788436758e-09 1.873358850899319e-08
225.0 1500.0 -1.7771614217930755e-09 8.296662516339288e-09 -1.8460462426294916e-09 7.706114516544e-09
225.0 1750.0 1.2337206193968102e-09 1.3519417492735957e-08 -3.1513904196880595e-09 1.1187946756990804e-08
225.0 2000.0 9.835808667417754e-09 9.892000607138255e-09 1.0920453698530308e-06 1.9278565201003596e-07
225.0 2250.0 6.224496318632959e-10 3.85618321731699e-09 1.6251718332132784e-05 9.018073053453341e-07
225.0 2500.0 7.648566847078439e-09 1.056494413715911e-08 0.00012895442476761222 1.586263042455228e-05
225.0 3000.0 9.352201451688092e-09 4.734337377008505e-09 0.0007093192244579584 2.5000089521477404e-05
225.0 3500.0 1.1884321680946102e-08 3.0354358656255164e-08 0.0010011192073850488 2.502122573693158e-05
225.0 4000.0 3.4071823080025106e-09 1.3624217771547102e-09 0.0012398859283000619 6.020816973329228e-06
250.0 1000.0 9.329231011446785e-09 1.6353351675262736e-08 1.2338842735132824e-08 1.4341870075025573e-08
250.0 1250.0 1.373850323601676e-09 8.972414703223548e-09 6.1077667516729e-09 1.2493331056210188e-08
250.0 1500.0 6.18030575369279e-09 7.274031091554691e-09 8.459392652661265e-09 7.487822060266302e-09
250.0 1750.0 -1.5882146170273583e-09 3.1081036450632033e-09 4.102648639114379e-09 2.4840378813686118e-09
250.0 2000.0 -6.497162425175363e-09 2.4293734048736176e-09 1.221963935194552e-06 4.7620410775420434e-07
250.0 2250.0 6.076192149057997e-09 4.1426756688999225e-09 1.4359875362182975e-05 1.1201398154985998e-06
250.0 2500.0 1.5744243239111037e-09 1.732432934557593e-08 0.00013485024781011517 2.604782309449612e-06
250.0 3000.0 -1.0425815536050052e-08 3.353041733055377e-08 0.0007252781264890451 2.638501233155566e-07
250.0 3500.0 1.802180778679683e-08 1.5650549361034213e-10 0.0009494073613236358 2.1160441254571558e-05
250.0 4000.0 1.5898437630810097e-08 1.6388382543304214e-08 0.0012239114799694679 7.382819915131953e-05
300.0 400.0 1.021103100184676e-08 1.370236608097359e-10 1.1126092720878242e-08 1.2964239296373563e-09
300.0 600.0 3.0715768063549653e-08 2.941588471226278e-08 3.360169600397675e-08 3.0464047017594845e-08
300.0 800.0 1.7531235226863493e-08 1.9482615904059595e-08 1.985812848799562e-08 1.9190843815420863e-08
300.0 900.0 2.3924885624587984e-08 9.45601497673516e-09 2.094004990638803e-08 9.773057113734931e-09
300.0 1000.0 1.5485215999796433e-08 1.2736865383000921e-08 2.057289547933597e-08 1.7620342100550204e-08
300.0 1100.0 1.5420433103500816e-08 8.75188824375632e-09 1.5977616846313753e-08 8.40664321189398e-09
300.0 1250.0 3.3800693188604666e-09 1.8389611093851766e-08 4.710070606884058e-09 1.7823325293900178e-08
300.0 1375.0 1.6164258073598843e-08 1.4610491335556508e-08 1.7606043762595925e-08 1.1500665862059445e-08
300.0 1500.0 1.285424124701141e-08 4.0055656401752526e-09 1.3037582814557161e-08 7.3329370185213126e-09
300.0 1625.0 7.741979737060023e-09 2.030878034424921e-08 1.120376013107732e-07 8.490774167922766e-08
300.0 1750.0 1.9572580300967465e-10 2.645961147925496e-09 -9.1326500831634e-11 3.209317359274002e-09
300.0 1875.0 7.539937871635433e-09 5.348735447269956e-09 5.169765454808995e-07 3.135771625683266e-07
300.0 1950.0 2.139257364361519e-09 1.193266307158235e-09 1.1762487853093776e-06 7.237719001503784e-07
300.0 2000.0 1.9073406378593076e-09 6.1220703536842255e-09 1.6179139344936935e-06 6.065764750985973e-07
300.0 2050.0 5.691281943066501e-09 4.381251583868752e-09 2.8598923122511707e-06 5.4130767161391976e-08
300.0 2125.0 7.278280729177858e-09 3.4025496639247335e-09 4.207448558897183e-06 8.870551745774913e-08
300.0 2250.0 -9.849624479031878e-11 7.002270758953663e-09 1.4939122432605035e-05 1.0905056979071274e-06
300.0 2375.0 4.992762967343398e-09 7.574979020806884e-10 4.704764258670521e-05 1.4456485416892076e-06
300.0 2400.0 -1.4268026392286484e-08 3.4394334057762157e-09 6.378333840445123e-05 4.686840051363328e-08
300.0 2450.0 7.917903715823804e-09 2.4526784632297036e-09 9.573236436699327e-05 5.679697798383583e-07
300.0 2500.0 3.4956684655778108e-09 1.8261729041588096e-09 0.00023895693718915765 6.460882664351224e-06
300.0 2625.0 -1.9307428978538693e-08 5.9893844634867895e-09 0.0004992004075664832 2.1360192740211544e-06
300.0 2750.0 8.034669214459556e-09 3.5752236867944266e-09 0.0006236485935574462 1.9926206485448482e-05
300.0 3000.0 5.454090161927008e-09 6.029976706089417e-10 0.0007138619931534036 1.0580860480575182e-05
300.0 3250.0 1.6901500554136297e-08 1.350140882754191e-08 0.0008257480629510866 2.529506857209156e-05
300.0 3750.0 4.0895171238084414e-09 1.96039631635951e-08 0.0010724013131484915 1.963948026929424e-05
350.0 1000.0 4.08896206948929e-09 1.4522432271680062e-08 3.7190491305338842e-09 1.4400223358545278e-08
350.0 1250.0 7.286303943824771e-09 8.391381816282723e-09 1.0922372669846004e-08 8.570884910011783e-09
350.0 1500.0 1.6077113635700512e-08 2.570201217149228e-09 1.553441949129936e-08 6.98851400649115e-10
350.0 1750.0 1.7178042025837513e-09 1.3136246931228232e-09 6.41471313289003e-08 6.212635760053356e-08
350.0 2000.0 -6.21302526193984e-10 1.3092266121992125e-10 1.7845475835441695e-06 4.950357063486119e-07
350.0 2250.0 -1.3965365469979487e-09 5.9844967799111375e-09 1.8817366717638155e-05 6.207575852724634e-07
350.0 2500.0 -1.979075382990153e-09 1.8781026685551092e-08 0.0004570668369764505 1.5859776193423455e-06
350.0 2750.0 4.346802377711832e-10 2.6135441942231182e-08 0.0006100293817605575 3.431032147754903e-05
350.0 3000.0 5.550160947281117e-09 8.521172582326718e-09 0.0007376672457763614 6.1101110907113564e-06
350.0 3250.0 2.0509028036761615e-08 4.467771678226479e-09 0.0008653699516252346 7.2046683755506425e-06
350.0 3500.0 7.2294714815050334e-09 1.2105120219057879e-08 0.0009360302289031533 1.0905279233983124e-05
350.0 4000.0 -1.0281952026406886e-08 8.569099383630174e-09 0.0012191205556376442 1.6512862663728236e-05
350.0 4500.0 3.4530002083401085e-09 1.2369540117895622e-08 0.0014538177897632368 1.9909083078607638e-05
400.0 400.0 3.108020621207409e-08 1.4797096641152043e-08 3.241117002158878e-08 1.562295861843781e-08
400.0 600.0 1.7141469115517806e-08 1.846574471868363e-08 1.910192474194915e-08 2.0444301274610498e-08
400.0 800.0 1.4290716805261005e-08 1.2674345930633138e-08 1.4617706600001404e-08 1.5711140497533845e-08
400.0 900.0 1.8641644401635123e-08 9.576987290552037e-09 2.0005922499180748e-08 1.139525344535249e-08
400.0 1000.0 4.603404659837027e-09 6.933615281847769e-09 9.562524861898847e-09 1.108805833725007e-08
400.0 1100.0 7.204993503113327e-09 1.2737789622904698e-08 8.041683328602132e-09 1.514136904447707e-08
400.0 1250.0 5.416825248441282e-09 6.7585542344088545e-09 8.572065499995388e-09 1.0962091901790267e-08
400.0 1375.0 1.0353316654783747e-09 6.730691981346293e-09 5.099589818659514e-09 8.869747920261819e-09
400.0 1500.0 6.310264733720402e-09 8.005052203839931e-09 7.30121005065828e-09 1.1294135027179532e-08
400.0 1625.0 2.1554933697202846e-09 2.478023741189318e-09 2.0854865849591207e-09 4.5609467896958705e-09
400.0 1750.0 9.928634901023934e-09 6.764690003436781e-09 1.61416358814966e-07 9.7371195439721e-09
400.0 1875.0 1.137928384669764e-08 7.806282832338052e-09 1.86872407211841e-07 2.184894554001848e-09
400.0 1950.0 -4.129097908624776e-09 1.9293269939596334e-09 1.9624124565028783e-06 8.584866066711584e-07
400.0 2000.0 -4.343875053476489e-09 3.229852520054248e-09 3.091699149014866e-06 1.212656459411663e-06
400.0 2050.0 1.7296295440400874e-08 3.6363413073941918e-09 4.883209696926636e-06 6.825572966351492e-07
400.0 2125.0 -5.183692518920798e-09 9.949412743964158e-09 8.920854452958128e-06 2.0807173340434507e-07
400.0 2250.0 -4.0700537718785186e-09 4.172542323639224e-09 2.820507495462682e-05 1.6888222701889501e-06
400.0 2375.0 -1.1435543282014584e-09 3.137314060051873e-09 0.0001080434957067664 9.55635727131438e-06
400.0 2400.0 4.061637647798748e-09 2.048795028364013e-09 0.00016695010178381065 4.630866537507913e-06
400.0 2450.0 1.9729586546864454e-08 1.2347293711818827e-08 0.00042476747744340235 2.3661361187099495e-05
400.0 2500.0 -1.2617187596931471e-08 9.37695470657552e-10 0.0004601674588322517 1.269096082203154e-05
400.0 2625.0 1.9392579641901253e-08 5.5262403555518335e-09 0.00051457719678133 1.0852809825046085e-05
400.0 2750.0 3.6992481610151732e-09 9.111837911921534e-09 0.0005958185232658742 3.170701429033833e-05
400.0 3000.0 1.2240154454355593e-08 1.162380100230595e-08 0.0006829858098927176 1.7889678760877874e-05
400.0 3250.0 6.928411665904073e-09 9.011845289897475e-09 0.00083793565195854 1.7756052967118427e-05
400.0 3750.0 -1.7195247803887126e-08 1.974266826416262e-08 0.0011287846740055984 3.813381618050708e-05
450.0 1000.0 1.5341266924034072e-08 1.511875393697367e-08 1.5936814668375593e-08 1.4147160434642973e-08
450.0 1250.0 -5.541181386556146e-09 8.05941856596441e-09 -3.390539325904656e-09 1.0422718827790903e-08
450.0 1500.0 6.928618670591287e-09 1.4790075747790753e-09 3.471893785758717e-08 2.3614339752248876e-08
450.0 1750.0 7.39533731633237e-09 5.537947492883849e-09 1.1826355486178075e-07 1.1262880360034314e-09
450.0 2000.0 1.710892949360155e-08 1.1316900105482523e-08 4.592738722931212e-06 7.779679850389316e-07
450.0 2250.0 -1.1258488706193481e-08 5.2550982891685766e-09 4.810931530326312e-05 2.4101792049544327e-06
450.0 2500.0 1.021419023777186e-09 1.1935103699915522e-08 0.0004797036045245142 1.3440710396703507e-05
450.0 2750.0 3.777099855822474e-09 5.373340349762389e-10 0.0006106247255490545 1.7544594596004557e-05
450.0 3000.0 2.194475016732962e-09 3.4738392300406524e-09 0.0007262436266246264 1.793944928165002e-05
450.0 3250.0 1.0810926344023323e-08 6.84811965426519e-09 0.0008676007397022399 2.0789317096087484e-06
450.0 3500.0 2.5546575770994754e-09 2.0404408079781143e-09 0.0009614168655694519 2.3267101061978935e-07
450.0 4000.0 5.211286511786122e-10 1.041878400315086e-08 0.0011929886730225178 1.437033336117525e-05
450.0 4500.0 -1.0948629173790657e-08 6.966867680226568e-09 0.001411388099723818 2.8697986909868098e-05
500.0 400.0 5.947912367276048e-08 5.567291969676138e-08 5.282469751794508e-08 4.973497982284268e-08
500.0 600.0 1.2722422326148867e-07 1.1948976929544372e-07 1.1212241643042437e-07 1.0299003598637312e-07
500.0 800.0 6.993762255640663e-08 6.258592362931111e-08 6.103129256770827e-08 5.388840122816608e-08
500.0 900.0 1.538511981708411e-08 1.7189248813136696e-08 1.6424048355206808e-08 1.6818049665496344e-08
500.0 1000.0 1.7343678158981e-08 1.0451233708988588e-08 1.8330616417933435e-08 1.1216694780617333e-08
500.0 1100.0 1.4871232711701684e-09 1.2587437162963853e-08 3.871983544402411e-09 1.23662908720632e-08
500.0 1250.0 6.286952049347203e-09 9.739944203476429e-09 9.105974723539046e-09 1.276330201989846e-08
500.0 1375.0 -1.3202704830859352e-10 6.34092512082502e-10 -4.876724510491598e-10 1.2987734413546487e-09
500.0 1500.0 4.452601360689886e-09 4.772727747773684e-11 2.4356337340307727e-08 1.4130009027472347e-08
500.0 1625.0 1.3809527744223932e-08 1.1270059855477115e-08 5.6419422922410375e-08 4.9158041180075326e-08
500.0 1750.0 4.349838311691645e-09 6.725220712734707e-09 1.08384742375432e-06 4.406925472206297e-07
500.0 1875.0 2.072014933284357e-09 1.1630574289532985e-09 9.65205852037144e-07 5.04620363245741e-08
500.0 1950.0 1.4531544654103435e-08 2.230420052548993e-09 4.311619620048124e-06 7.714481666423807e-07
500.0 2000.0 -1.1787150154766627e-09 4.199185792822135e-09 5.687691088542089e-06 1.0553509793036315e-06
500.0 2050.0 -2.0378643082890277e-10 6.898256962090796e-09 1.2014919290970875e-05 2.467310829217852e-06
500.0 2125.0 -2.7870975434582e-09 5.453225535232974e-09 2.2993267654810013e-05 2.2051230873202378e-07
500.0 2250.0 -2.5245262597795573e-08 8.000063863162649e-09 9.878443841452427e-05 3.2143085906141047e-06
500.0 2375.0 1.1073536418272294e-08 9.86700785430355e-09 0.0004226068875392292 4.070595229389736e-06
500.0 2400.0 3.017200999925971e-09 2.778514137298238e-08 0.00044522967803142094 7.644675914540057e-06
500.0 2450.0 1.4058386469683018e-08 3.700909501299125e-11 0.0004499785858507415 2.456843481024992e-05
500.0 2500.0 -6.3107593759137625e-09 7.623117613276189e-09 0.0005007822952528761 4.988926557625965e-06
500.0 2625.0 1.3124245970191237e-09 2.4046514084538068e-08 0.0005254323267607916 4.676940252543845e-06
500.0 2750.0 7.484902195599613e-09 1.7672524069939815e-10 0.0006418052031485473 2.4688773193984896e-05
500.0 3000.0 -2.3036784505505405e-08 1.8112938449253074e-09 0.0007305492520634748 1.1083900398777698e-05
500.0 3250.0 -1.809409283680391e-08 9.86035529334326e-09 0.0008125368879332314 1.8695670568583605e-06
500.0 3750.0 -1.2485218611250605e-08 1.337918002698092e-08 0.0010521952129262898 1.2929787413272168e-05
550.0 1000.0 7.785680694076459e-08 9.253967672926835e-08 6.425607437219076e-08 7.52737894921838e-08
550.0 1250.0 7.428570934904097e-09 1.2695744665899029e-08 7.545687329432686e-09 1.1004040060734104e-08
550.0 1500.0 1.1104394319121595e-08 2.837848505597339e-09 3.646611313101384e-08 4.8164430278862285e-09
550.0 1750.0 4.6721941130702836e-09 3.231661185318354e-09 5.936439255651627e-07 8.708452525714947e-08
550.0 2000.0 6.064017766478807e-09 1.0956569042724608e-08 1.6812787013863585e-05 2.647150854437497e-06
550.0 2250.0 1.1733719488842255e-07 1.9667611577916835e-07 0.00039215580772723795 6.726972640610225e-06
550.0 2500.0 1.2266552987349595e-09 1.832898909724691e-08 0.0005297314977331882 2.612497128721696e-05
550.0 2750.0 4.013965002858188e-09 1.1799020198722067e-08 0.0005905592855371995 1.4646093953378584e-05
550.0 3000.0 -6.030528869961031e-09 4.492443644197805e-09 0.0007445003743154626 1.0527196549723311e-05
550.0 3250.0 8.845053782903569e-10 1.911886742126013e-08 0.0008639550362577924 3.886279501597129e-05
550.0 3500.0 9.912453651571462e-09 9.078995689701074e-10 0.000972728163943628 7.160118423359663e-06
550.0 4000.0 -4.4536596600341e-11 3.067983571322978e-09 0.00107753420336567 4.9783892272329726e-05
550.0 4500.0 -1.1133159065861036e-08 5.848368321550771e-09 0.0014087481782634258 4.2585518606920543e-05
600.0 400.0 9.189261040921777e-08 8.63506577813629e-08 6.800520527733048e-08 6.406861282197808e-08
600.0 600.0 1.204468344989095e-07 1.196276289676896e-07 8.309717805410791e-08 8.367361675611945e-08
600.0 800.0 1.7240627022588824e-07 1.583423374639282e-07 1.3044368300454517e-07 1.1935130839421247e-07
600.0 900.0 1.0111552855278205e-07 9.002758817447104e-08 8.023067928305377e-08 7.268065470561993e-08
600.0 1000.0 6.46006788278678e-08 6.574696480619451e-08 4.717189117253653e-08 4.878991269885802e-08
600.0 1100.0 1.0589530906101859e-07 1.173725320636247e-07 8.465316860008307e-08 9.581992385274927e-08
600.0 1250.0 2.839873135096605e-08 3.638662645553297e-08 2.5919821033317127e-08 1.908056812953738e-08
600.0 1375.0 3.2448821185973125e-08 6.039929656196575e-08 6.292702471554609e-08 4.2500063485335566e-08
600.0 1500.0 1.4550594465109684e-08 3.312195815581485e-11 6.292719214636671e-08 3.9847372688439004e-08
600.0 1625.0 -4.113009612799201e-08 6.655849727481782e-08 7.804279018401951e-07 4.216827394612234e-07
600.0 1750.0 2.8545063719499933e-08 1.9823077641717272e-08 3.3268281407309357e-06 6.910660016421743e-08
600.0 1875.0 4.117210111132221e-09 2.6495254081462052e-08 1.3493899644447308e-05 2.990959456226433e-07
600.0 1950.0 1.1112102687558673e-08 2.6699437424292316e-08 2.5954564184466783e-05 1.6090858154995653e-06
600.0 2000.0 -3.146003963467128e-10 4.067443858030546e-08 5.0779885431045374e-05 5.8502307966052235e-06
600.0 2050.0 3.7400986072921577e-08 5.657228389333236e-08 0.00027255148942649185 3.272541240882454e-06
600.0 2125.0 3.4869151594506735e-08 1.1948914358237094e-08 0.0003121887567981439 4.17193545655179e-06
600.0 2250.0 -3.2714940401087073e-09 5.923065430960938e-09 0.00036661710542669056 9.723227024355701e-06
600.0 2375.0 2.447296551077424e-07 2.8514931061918e-07 0.0004307217788554931 1.6922563836188805e-06
600.0 2400.0 1.9900913978787742e-07 2.3746842106499798e-07 0.0004433048720554406 7.72853601719336e-06
600.0 2450.0 3.126752374345693e-07 6.398798943970751e-07 0.0004522219994535429 7.5039199460972195e-06
600.0 2500.0 3.504634836521477e-07 3.8332570686505936e-07 0.0004658326956696775 5.827906766445334e-06
600.0 2625.0 1.316442531210678e-07 1.5082849214573222e-07 0.0005445279883404602 1.1999746399269195e-05
600.0 2750.0 -8.45807044891975e-09 3.0033183992416564e-09 0.0005965520809309626 1.072601046825093e-05
600.0 3000.0 -8.024675295925833e-09 1.132449049084781e-08 0.0007455512953755899 4.034080317214806e-05
600.0 3250.0 1.9947245123647972e-08 9.630052843780727e-09 0.0008003788598023084 4.361491177888357e-05
600.0 3750.0 -2.2464422686299833e-09 3.934165119367914e-09 0.0010019091448911384 2.8633677691222853e-05
650.0 1000.0 2.6598598147954348e-08 3.374766897832778e-08 1.9067479087364777e-08 2.446909729035479e-08
650.0 1250.0 1.1561014964380792e-08 1.779233427317605e-08 5.470384580791378e-07 2.366493791743503e-07
650.0 1750.0 5.909656637174808e-08 6.076368186814434e-08 2.3726364270802785e-05 7.793764764553401e-07
650.0 2250.0 -1.8193670095852194e-09 1.9014066572325556e-09 0.00034970157927452473 7.720624425543577e-06
650.0 2750.0 -9.170656378614476e-08 1.1716993627913921e-07 0.0006240671034793248 2.4600827170538097e-05
650.0 3000.0 1.5628646555066782e-08 4.134352484285611e-09 0.000704665505680163 2.8260655872209323e-05
650.0 3250.0 -5.27186216384745e-09 6.01951620517943e-10 0.0007794697957056035 2.839976817667627e-05
650.0 3500.0 3.6717823702483497e-09 1.4165362648274971e-08 0.0008908506791563651 5.1808182594607345e-05
650.0 4000.0 -7.70621400734208e-09 1.5055897222021132e-08 0.0010803826965344989 4.050408891963287e-06
650.0 4500.0 -7.540711762661008e-09 2.1609147527342334e-08 0.0013435426442933343 1.9060986941070844e-05
700.0 400.0 2.852480748967815e-09 8.507945963956022e-10 8.988324360448832e-08 1.4607895763242554e-08
700.0 600.0 9.747247263697414e-10 1.4574691810255962e-11 2.2012948606288313e-07 3.004124266223743e-08
700.0 800.0 -5.770580152172611e-10 7.559455290859104e-11 1.8697377419698605e-07 2.334708281802889e-08
700.0 900.0 -3.416090310206825e-11 1.7374961880311828e-09 2.9876926313601903e-07 6.413840894361418e-08
700.0 1000.0 2.273104837780528e-08 2.2565701990127602e-08 2.405926781927357e-08 1.6429901751787053e-09
700.0 1100.0 -5.376168470795416e-10 9.49549444679243e-10 2.9770473997382086e-08 3.0470952257375706e-08
700.0 1250.0 8.411845375950465e-09 8.756791391777385e-09 1.4569966108947165e-05 2.9305974156139853e-08
700.0 1375.0 9.237764219192161e-09 4.66991583751864e-10 1.5011996964013391e-06 6.475917540069687e-08
700.0 1500.0 8.848799527153781e-09 3.9806963430194784e-09 5.00466109570828e-05 9.15974618974614e-06
700.0 1625.0 2.3378490108993935e-10 6.645681150617459e-10 6.925388999509194e-05 4.444183755028049e-07
700.0 1750.0 6.089411750009659e-10 2.3245599963591104e-09 0.00013983700321669367 4.071512567158209e-06
700.0 1875.0 1.5529078830609346e-10 4.779617288356582e-10 0.00020959220906353228 1.3540960710693404e-06
700.0 1950.0 -9.675753842752662e-10 2.542481317077456e-10 0.00023344090583464437 3.804731701896606e-06
700.0 2000.0 -6.656246068296001e-10 2.0825011974986614e-10 0.0002458670562268781 3.3064047873748357e-07
700.0 2050.0 1.258266089140328e-09 3.8577049599026303e-10 0.0002597723563337328 8.75218576446546e-07
700.0 2125.0 -1.3743012618137518e-09 1.8314611449057567e-09 0.0002885788369290213 4.3508395520929597e-07
700.0 2250.0 1.3046825953949942e-08 1.7910900333290916e-08 0.00032324755009681936 2.0539904112663978e-05
700.0 2375.0 1.104858321109419e-07 9.482785863538604e-08 0.0004008541659602961 2.487661018274423e-06
700.0 2400.0 2.7941143241576266e-10 1.5273590075809675e-09 0.00042981806357995266 9.78441478761279e-06
700.0 2450.0 -2.2694210026353835e-09 1.8953921217990102e-09 0.00039464491185275393 1.3814393581334006e-05
700.0 2500.0 2.2831554923232125e-07 2.6857963983481725e-07 0.00043022667803644207 6.554552522012862e-06
700.0 2625.0 1.738171475094108e-07 1.511858921158299e-07 0.0005049573935041231 2.086774627861979e-05
700.0 2750.0 -9.687036662337942e-09 3.842029735947741e-09 0.0005811665229494473 1.9669679707446856e-05
700.0 3000.0 6.839863465715279e-09 1.3278801185838801e-09 0.0006719424994572194 3.8718188196363107e-05
700.0 3250.0 2.459705249413771e-09 4.9145165846376276e-09 0.0008093483187773292 3.20850512293139e-06
700.0 3750.0 1.4051017723339978e-08 1.9363709984231244e-09 0.0009610791970794279 1.5227887546754224e-05
750.0 1000.0 8.091327181844412e-10 1.728227301516912e-10 5.233756343619802e-06 1.215638344507896e-06
750.0 1250.0 -6.929198221471485e-11 3.3418333193280777e-10 1.6304385237026302e-05 2.3409533882716236e-06
750.0 1500.0 -2.5148307125605615e-10 4.254322728906385e-10 4.650049700752328e-05 2.024321052877713e-06
750.0 1750.0 -5.858608391116152e-10 6.560017529546132e-10 0.000122272858606733 3.6493056753465293e-07
750.0 2000.0 9.560905072403015e-10 9.503615877141042e-10 0.00023354418536174012 2.288989680273209e-07
750.0 2250.0 -5.7043006651286046e-11 7.192905353667641e-10 0.00032165482837679906 4.30037384723135e-06
750.0 2500.0 2.982455716308628e-08 4.739899638550433e-08 0.0004233134404780933 1.725915737409191e-05
750.0 2750.0 2.981155867867273e-09 1.7926338670686517e-08 0.0006186128404545204 3.532370736694996e-05
750.0 3000.0 1.3681191810300304e-10 1.9609891094370527e-10 0.0007220987530990172 1.0165038228510842e-05
750.0 3250.0 -7.32020248671493e-09 7.734095897245656e-09 0.00080417153001869 1.8596549292054712e-05
750.0 3500.0 -2.592181570843769e-08 2.7646994736808682e-09 0.0008840725846762631 2.232838486132014e-05
750.0 4000.0 -3.5880907828936092e-09 1.3258819552037279e-09 0.0010099845078675115 5.376477314282298e-05
750.0 4500.0 1.2574346722584713e-09 8.192379924093723e-09 0.0012592143187758567 1.3728215441779904e-05
