# P[GPa] T[K] volume[A^3/molecule] PE[eV/molecule]
100 1000 9.75338 0.00084876 -12.8856 0.000604996
10 1000 18.9934 0.00845471 -14.258 0.000625534
110 1000 9.5134 0.00061705 -12.745 0.000518749
125 1000 9.21265 0.000540541 -12.5475 0.000685966
12 1000 18.1092 0.00647953 -14.2249 0.000736725
140 1000 8.96041 0.000781039 -12.3585 0.000321128
150 1000 8.81574 0.000494303 -12.2384 0.000593999
15 1000 17.0815 0.019189 -14.1764 0.000799876
175 1000 8.4939 0.000749152 -11.9374 0.000824599
17 1000 16.5128 0.0252865 -14.1437 0.000753203
200 1000 8.21949 0.000676698 -11.6368 0.000802348
20 1000 15.6653 0.00487409 -14.0963 0.000565525
225 1000 7.97264 0.000510215 -11.3268 0.000785324
250 1000 7.74466 0.000436295 -11.0042 0.000637688
25 1000 14.795 0.0127362 -14.0253 0.00146295
275 1000 7.53271 0.000375816 -10.6691 0.00057357
300 1000 7.33647 0.000599337 -10.3282 0.000522291
30 1000 13.7129 0.00743414 -13.9744 0.000855898
350 1000 6.99154 0.000457063 -9.64628 0.000703844
35 1000 12.9207 0.00578908 -13.8854 0.000973737
400 1000 6.70965 0.000118151 -8.99912 0.000462341
40 1000 12.3616 0.00259722 -13.7906 0.000542097
450 1000 6.47249 0.000318701 -8.37888 0.000911777
500 1000 6.2659 0.000287772 -7.77307 0.000959067
50 1000 11.615 0.000734914 -13.6236 0.000405802
550 1000 6.06603 0.000795793 -7.13794 0.00169075
5 1000 22.9296 0.0131136 -14.3316 0.000537953
600 1000 5.88566 0.000769117 -6.50285 0.00187073
60 1000 11.1114 0.00121675 -13.4757 0.000267755
650 1000 5.71484 0.00018751 -5.85455 0.000353695
700 1000 5.56048 0.000139883 -5.22023 0.000534509
70 1000 10.7002 0.000735466 -13.3294 0.000164479
750 1000 5.36282 0.000204117 -4.33549 0.00141135
800 1000 5.25051 0.000217913 -3.80473 0.00139709
80 1000 10.3431 0.00055673 -13.1799 0.000436744
8 1000 20.1826 0.00865104 -14.2874 0.000546168
90 1000 10.0284 0.0010361 -13.0308 0.00062095
100 100 9.47428 0.000210474 -13.0789 0.000136769
10 100 16.1185 0.00239626 -14.6064 0.000148187
110 100 9.26696 0.00031499 -12.946 0.000213788
125 100 9.00987 0.000280879 -12.7608 0.000226772
12 100 15.6972 0.00590102 -14.5778 0.00123133
150 100 8.66256 0.000397204 -12.4666 0.000385467
15 100 13.8475 0.00425959 -14.4215 0.00142336
175 100 8.37218 0.000433957 -12.1738 0.000467408
17 100 13.632 0.000610576 -14.4096 4.02223e-05
200 100 8.10708 0.000197622 -11.8657 0.000224292
20 100 13.326 0.00094709 -14.3771 0.000104
225 100 7.88071 0.000183716 -11.5673 0.000279246
250 100 7.67503 0.000119297 -11.2639 0.000162623
25 100 12.8444 0.000369811 -14.2997 8.13825e-05
275 100 7.48081 0.000126312 -10.9469 0.000262592
300 100 7.29593 8.02275e-05 -10.6172 0.000128799
30 100 12.5508 0.00031817 -14.2612 5.90868e-05
350 100 6.9633 0.000659125 -9.94576 0.00113813
35 100 12.2542 0.00028262 -14.2018 6.14167e-05
400 100 6.68569 0.00126045 -9.29934 0.00236507
40 100 11.9924 0.000353587 -14.1408 0.0001011
450 100 6.44414 0.00206028 -8.66187 0.00450449
500 100 6.22636 0.00236627 -8.01601 0.00587081
50 100 11.5303 0.000399198 -14.0107 0.000130621
5 100 17.5555 0.0072955 -14.6617 0.00062394
600 100 5.82474 9.26253e-05 -6.61065 0.000310754
60 100 11.0957 0.000369884 -13.8605 0.000141693
700 100 5.51243 2.06668e-05 -5.35299 8.76788e-05
70 100 10.5994 0.000579801 -13.6543 0.000286628
800 100 5.24319 0.000540576 -4.10483 0.00235761
80 100 10.1122 0.000202083 -13.4254 0.000110484
8 100 16.5606 0.00242852 -14.6297 0.000162965
90 100 9.73824 0.000238093 -13.2311 0.000133263
100 1100 9.77956 0.000993269 -12.8577 0.000706638
10 1100 19.2571 0.00853288 -14.2242 0.00059428
110 1100 9.53944 0.00100061 -12.7186 0.000696313
125 1100 9.23484 0.000449638 -12.5211 0.000329063
12 1100 18.3326 0.00593534 -14.191 0.000744166
150 1100 8.83267 0.000475142 -12.2112 0.000807533
15 1100 17.2774 0.00930163 -14.1422 0.000733688
175 1100 8.50995 0.000502939 -11.9115 0.000625624
17 1100 16.7266 0.0186343 -14.1114 0.000677335
200 1100 8.23229 0.000706959 -11.6101 0.000852268
20 1100 15.7938 0.00444071 -14.0603 0.000600778
225 1100 7.98364 0.000636943 -11.2995 0.000895091
250 1100 7.75305 0.000634123 -10.9755 0.000907489
25 1100 14.9626 0.00316858 -13.9802 0.000726746
275 1100 7.54014 0.000616593 -10.6397 0.00108509
300 1100 7.34235 0.000606848 -10.2975 0.00120554
30 1100 14.0963 0.0122746 -13.9141 0.00153905
350 1100 6.99619 0.000116448 -9.61618 0.000306683
35 1100 13.1215 0.00933087 -13.8473 0.000693693
400 1100 6.71269 0.000419107 -8.96685 0.000748975
40 1100 12.4597 0.00409938 -13.7578 0.000860444
450 1100 6.47525 8.88274e-05 -8.3471 0.000293015
500 1100 6.26772 0.000302935 -7.74086 0.000959728
50 1100 11.665 0.000679544 -13.5912 0.000500274
5 1100 23.3837 0.0198101 -14.3015 0.000647559
600 1100 5.89006 0.000965319 -6.48248 0.00260131
60 1100 11.1439 0.00158111 -13.4427 0.000225132
700 1100 5.56612 0.000227909 -5.19655 0.00106974
70 1100 10.7304 0.00125076 -13.2973 0.000806599
800 1100 5.25326 6.10801e-05 -3.76753 0.000896766
80 1100 10.3738 0.000927903 -13.1507 0.000825976
8 1100 20.491 0.0112739 -14.2569 0.000486689
90 1100 10.0553 0.000698391 -13.002 0.000400121
10 1150 19.3804 0.0110946 -14.2098 0.00060874
15 1150 17.3919 0.00518099 -14.1271 0.0007225
20 1150 15.9519 0.0212094 -14.0435 0.000783677
25 1150 15.007 0.00397565 -13.9632 0.000736521
30 1150 14.3197 0.00364851 -13.8767 0.00100581
35 1150 13.2364 0.0100403 -13.8257 0.00105493
40 1150 12.5263 0.0055611 -13.7376 0.00104832
5 1150 23.6232 0.0165569 -14.2862 0.00061588
100 1200 9.80788 0.000722553 -12.8313 0.000569305
10 1200 19.4869 0.0101412 -14.1929 0.000607197
110 1200 9.56627 0.00107078 -12.6931 0.000779515
125 1200 9.25688 0.000853609 -12.4939 0.000703516
12 1200 18.5365 0.00912977 -14.158 0.000666521
150 1200 8.84964 0.000586024 -12.1847 0.000855467
15 1200 17.4687 0.00571744 -14.1087 0.000616424
175 1200 8.52344 0.00044264 -11.884 0.00030696
17 1200 16.9027 0.00751358 -14.0743 0.00062994
200 1200 8.24477 0.000435124 -11.5829 0.000415908
20 1200 16.1058 0.0233634 -14.0259 0.000714807
225 1200 7.99311 0.000453214 -11.2703 0.000729781
250 1200 7.76221 0.000477422 -10.9468 0.000714407
25 1200 15.0479 0.00355967 -13.9441 0.000772047
275 1200 7.54791 0.000471348 -10.6117 0.000870892
300 1200 7.34899 0.000518284 -10.2682 0.0010184
30 1200 14.3641 0.00405043 -13.8578 0.000921632
350 1200 7.00077 0.00046888 -9.58442 0.00106451
35 1200 13.4862 0.00880344 -13.7932 0.000983176
400 1200 6.71646 0.000472395 -8.93677 0.00085644
40 1200 12.6129 0.0047384 -13.7199 0.000971039
450 1200 6.47741 0.000382269 -8.31556 0.000801196
500 1200 6.27007 0.000242229 -7.70823 0.000700015
50 1200 11.7254 0.00202682 -13.5561 0.000594913
5 1200 23.8403 0.0160744 -14.2715 0.00061227
600 1200 5.89494 0.000779071 -6.45819 0.00221081
60 1200 11.1868 0.00180973 -13.4085 0.00032183
700 1200 5.57049 0.000459707 -5.18212 0.00175837
70 1200 10.7608 0.00155828 -13.2653 0.000850338
800 1200 5.25528 0.000148803 -3.7209 0.00145977
80 1200 10.4015 0.00120096 -13.1201 0.000843167
8 1200 20.794 0.0115266 -14.2286 0.00051121
90 1200 10.0864 0.00104454 -12.9746 0.00093314
100 1250 9.82177 0.000402738 -12.818 0.000443625
10 1250 19.617 0.0112847 -14.1793 0.000678603
110 1250 9.57849 0.00090256 -12.6801 0.000626861
140 1250 9.01098 0.000432858 -12.2931 0.00039401
150 1250 8.85781 0.000548857 -12.1697 0.000857656
175 1250 8.53101 0.000471857 -11.8707 0.000891983
200 1250 8.2501 0.000264534 -11.5677 0.000894453
20 1250 16.2623 0.011002 -14.0091 0.000867878
225 1250 7.99752 0.00015234 -11.2565 0.000201871
250 1250 7.76668 0.000656885 -10.9322 0.00101621
300 1250 7.35228 0.000340317 -10.2526 0.000859181
30 1250 14.4106 0.00333504 -13.8421 0.00100429
350 1250 7.00349 0.000561751 -9.56881 0.0013085
400 1250 6.71814 0.000271834 -8.92033 0.000696221
40 1250 12.735 0.00769811 -13.6953 0.00111587
450 1250 6.47902 0.000450696 -8.29962 0.000903842
500 1250 6.27108 0.000392498 -7.69249 0.00093375
50 1250 11.7671 0.00264075 -13.536 0.000967976
550 1250 6.08457 0.000184991 -7.08963 0.000871795
600 1250 5.89705 0.000281995 -6.44464 0.000934955
60 1250 11.2056 0.000551052 -13.3923 0.000317113
650 1250 5.72585 0.000488077 -5.78842 0.00217404
700 1250 5.50269 0.00459841 -4.82149 0.0196698
750 1250 5.37138 0.00025563 -4.2421 0.00174764
800 1250 5.25625 0.0002239 -3.69536 0.00179791
80 1250 10.4165 0.00139919 -13.1052 0.000884233
90 1250 10.0998 0.00100665 -12.9598 0.000834258
10 1300 19.7175 0.00961795 -14.1623 0.000706485
15 1300 17.6142 0.00740592 -14.0746 0.000506976
20 1300 16.3299 0.0122605 -13.9913 0.000884045
25 1300 15.1412 0.00286371 -13.9135 0.000788579
30 1300 14.4417 0.00279366 -13.8237 0.000870116
35 1300 13.8259 0.00455392 -13.7305 0.000859798
40 1300 12.9789 0.0132332 -13.6627 0.00130291
5 1300 24.1746 0.0139366 -14.24 0.000819742
10 1350 19.838 0.011593 -14.1472 0.000751678
20 1350 16.3919 0.00637197 -13.9733 0.000768902
30 1350 14.4885 0.00380967 -13.8083 0.000839226
40 1350 13.2668 0.01045 -13.6197 0.0013402
50 1350 11.8517 0.00343397 -13.4967 0.000654722
100 1375 9.85665 0.00105048 -12.7839 0.000982536
150 1375 8.8816 0.000686488 -12.1387 0.00068418
200 1375 8.2661 0.000223966 -11.5345 0.00100301
300 1375 7.36054 0.000566027 -10.2164 0.00123731
400 1375 6.72291 0.000537974 -8.88087 0.0014055
500 1375 6.27397 0.000482803 -7.65214 0.00110322
50 1375 11.9014 0.00357454 -13.4844 0.00112697
600 1375 5.90194 0.000527631 -6.4076 0.00128036
700 1375 5.57426 0.000415001 -5.11247 0.00241348
800 1375 5.25832 0.000238897 -3.62898 0.0017374
10 1450 20.0411 0.0118704 -14.116 0.000827801
15 1450 17.8334 0.00942196 -14.0272 0.000688014
20 1450 16.5047 0.00539826 -13.9401 0.000651848
25 1450 15.4851 0.0202991 -13.8544 0.00113286
30 1450 14.5399 0.00472733 -13.7724 0.00109734
35 1450 13.9355 0.00318866 -13.6781 0.000949633
40 1450 13.3824 0.00357482 -13.5783 0.00103657
50 1450 11.9946 0.00374056 -13.4492 0.00124697
5 1450 24.8647 0.0241078 -14.1996 0.000835602
100 1500 9.89102 0.0013447 -12.7495 0.00101587
10 1500 20.1444 0.0139184 -14.1013 0.00102304
110 1500 9.64458 0.00116799 -12.6133 0.00104685
140 1500 9.05992 0.000891337 -12.2265 0.000784582
150 1500 8.90405 0.000895394 -12.1042 0.000933246
175 1500 8.56868 0.000579225 -11.8032 0.000674863
200 1500 8.28193 0.000149198 -11.5003 0.000334249
20 1500 16.5619 0.00296481 -13.9238 0.000620951
225 1500 8.024 0.000900899 -11.1862 0.00124589
250 1500 7.78933 0.000561836 -10.8613 0.00127021
25 1500 15.5922 0.00953451 -13.8362 0.000818914
300 1500 7.36912 0.000480521 -10.1781 0.00140502
30 1500 14.5784 0.00276115 -13.7558 0.000747017
350 1500 7.01666 0.000491346 -9.49287 0.00152855
400 1500 6.72765 0.000386033 -8.8419 0.00100028
40 1500 13.4206 0.0025612 -13.5616 0.000810805
450 1500 6.48638 0.000509114 -8.21896 0.0015077
500 1500 6.27669 0.000445517 -7.60976 0.00148789
50 1500 12.1197 0.00917658 -13.417 0.00142814
550 1500 6.08959 0.000212353 -7.00638 0.000766174
600 1500 5.9177 0.000554403 -6.39799 0.00181343
60 1500 11.3587 0.00241905 -13.2945 0.00122922
700 1500 5.52258 0.00267558 -4.72832 0.0166092
750 1500 5.37744 0.000293601 -4.11475 0.000990275
800 1500 5.26034 0.0002897 -3.55786 0.00117576
80 1500 10.5071 0.00100604 -13.0229 0.000685408
90 1500 10.177 0.00165636 -12.8864 0.00105259
10 1600 20.3616 0.011387 -14.0717 0.0008961
15 1600 18.0491 0.00946493 -13.9791 0.000950618
20 1600 16.6699 0.00372156 -13.8909 0.000985435
25 1600 15.67 0.0153646 -13.802 0.000684931
30 1600 14.7947 0.0237028 -13.7155 0.00173746
35 1600 14.0261 0.00313904 -13.6282 0.00101118
40 1600 13.472 0.00305109 -13.5269 0.00113902
5 1600 25.4451 0.0199234 -14.1562 0.000958299
100 1625 9.93303 0.0016949 -12.7103 0.000301603
150 1625 8.92836 0.000829441 -12.0709 0.000808199
200 1625 8.29588 0.000797278 -11.4613 0.00106151
300 1625 7.37815 0.000828805 -10.1406 0.0004971
400 1625 6.73324 0.000197354 -8.8026 0.00142115
500 1625 6.27958 0.000509577 -7.56647 0.00170462
50 1625 12.552 0.00381136 -13.3165 0.00102472
600 1625 5.91893 0.000600941 -6.34539 0.00238169
700 1625 5.50713 9.99151e-05 -4.6023 0.00123835
800 1625 5.26179 0.000373275 -3.47463 0.00214553
10 1700 20.5977 0.0158403 -14.0441 0.00119709
25 1700 15.7825 0.00427299 -13.7664 0.000957042
30 1700 14.9965 0.0042445 -13.6713 0.000546453
40 1700 13.5328 0.00218995 -13.497 0.000832981
100 1750 9.97629 0.00119336 -12.6693 0.00119099
110 1750 9.72067 0.00159929 -12.5356 0.00119488
140 1750 9.11385 0.00090169 -12.1569 0.00121957
150 1750 8.95199 0.000659016 -12.0361 0.000329493
175 1750 8.60884 0.00111274 -11.7273 0.0015723
200 1750 8.31122 0.00100686 -11.4269 0.00136502
20 1750 16.8144 0.00557395 -13.8412 0.000872426
225 1750 8.05035 0.000798233 -11.1128 0.00125832
250 1750 7.81215 0.00080274 -10.7858 0.00130944
300 1750 7.3874 0.000701455 -10.1025 0.0012991
350 1750 7.03079 0.00014936 -9.41749 0.00154902
400 1750 6.73821 0.000686322 -8.76075 0.00175623
450 1750 6.49365 0.00056941 -8.13233 0.0016824
500 1750 6.28134 0.000263263 -7.51198 0.00146693
50 1750 12.6304 0.00290678 -13.2763 0.000836395
550 1750 6.09282 0.000478079 -6.90701 0.00213235
600 1750 5.91897 0.000675967 -6.28251 0.00344052
60 1750 11.8528 0.00938853 -13.0958 0.00305548
650 1750 5.73275 0.0012486 -5.534 0.00620202
700 1750 5.51832 0.000474552 -4.49981 0.00339848
750 1750 5.38244 0.000320193 -3.95071 0.0031715
800 1750 5.2624 0.000330879 -3.37468 0.00386254
80 1750 10.6293 0.00259342 -12.9208 0.00170463
90 1750 10.2803 0.00185287 -12.7942 0.00102609
100 1875 10.0307 0.00141496 -12.617 0.00125172
150 1875 8.97926 0.00106112 -11.9967 0.000585192
200 1875 8.32742 0.000883767 -11.3858 0.0013408
300 1875 7.39622 0.000882717 -10.0598 0.00181415
400 1875 6.74351 0.00034832 -8.71549 0.00177925
500 1875 6.28433 0.000574424 -7.4628 0.00042021
50 1875 12.6851 0.00223503 -13.2333 0.00090394
600 1875 5.91578 0.000466774 -6.18603 0.003197
700 1875 5.51897 0.000389254 -4.40153 0.00192906
800 1875 5.26476 0.000379652 -3.29292 0.00282647
10 1900 20.9765 0.0142341 -13.9844 0.00113749
25 1900 15.9291 0.00429217 -13.6966 0.000979036
30 1900 15.1318 0.00504867 -13.6023 0.000709078
40 1900 13.6506 0.00395094 -13.4288 0.000778736
100 1950 10.072 0.00197195 -12.5774 0.00195441
150 1950 8.9978 0.00114898 -11.9645 0.0014802
200 1950 8.33917 0.00067972 -11.3615 0.00114288
300 1950 7.40148 0.000831978 -10.0308 0.00208068
400 1950 6.74606 0.00072158 -8.68148 0.00157842
500 1950 6.2842 0.000500989 -7.41496 0.00161077
50 1950 12.7257 0.00170749 -13.2106 0.000670659
600 1950 5.9105 0.000882051 -6.10124 0.00537175
700 1950 5.5253 0.000332383 -4.38285 0.00175026
800 1950 5.26745 0.000356937 -3.26107 0.00219002
100 2000 10.0947 0.00237427 -12.5525 0.00215295
110 2000 9.81679 0.00160482 -12.4339 0.00166721
140 2000 9.17555 0.00136083 -12.0745 0.00106715
150 2000 9.00621 0.00115752 -11.9469 0.000786307
175 2000 8.64565 0.000749277 -11.6527 0.00124552
200 2000 8.34563 0.000611511 -11.3399 0.00147056
20 2000 17.061 0.00702591 -13.7583 0.00115083
225 2000 8.07836 0.000840967 -11.0281 0.00164716
250 2000 7.83581 0.000733789 -10.6995 0.00150771
300 2000 7.40518 0.000843805 -10.0127 0.00220135
350 2000 7.04445 0.000725203 -9.32179 0.00229609
400 2000 6.74828 0.000447879 -8.65926 0.00246088
450 2000 6.5002 0.000438234 -8.01914 0.00195894
500 2000 6.28505 0.000642403 -7.39254 0.00172674
50 2000 12.7495 0.00128832 -13.1935 0.000711051
550 2000 6.08956 0.000664796 -6.73444 0.00425297
600 2000 5.90325 0.0010257 -6.01067 0.00809106
60 2000 12.0178 0.00174127 -13 0.000795928
700 2000 5.51879 0.000223507 -4.35271 0.00159716
750 2000 5.38941 0.000342227 -3.79483 0.00236795
800 2000 5.27398 0.000344151 -3.23441 0.00186451
80 2000 10.9279 0.0106217 -12.7039 0.00647144
90 2000 10.4323 0.00379279 -12.6607 0.00269698
100 200 9.52065 0.000264451 -13.0688 0.000172765
10 200 16.303 0.00299245 -14.5816 0.000171251
110 200 9.30323 0.000249913 -12.9311 0.000196976
125 200 9.03531 0.000307516 -12.7406 0.000243869
12 200 15.8263 0.00403551 -14.5446 0.000784481
150 200 8.67945 0.000439326 -12.4422 0.000418888
15 200 15.1588 0.0203177 -14.4901 0.00221887
175 200 8.3835 0.000422485 -12.1464 0.000439534
17 200 13.8242 0.00186554 -14.3842 0.000158664
200 200 8.12032 0.000403401 -11.8428 0.000410312
20 200 13.4514 0.0022101 -14.3486 0.000252204
225 200 7.88923 0.000318365 -11.5409 0.000401955
250 200 7.68186 0.000261207 -11.236 0.00035926
25 200 12.973 0.00144302 -14.2888 0.000252869
275 200 7.48554 0.000206341 -10.9162 0.000386589
300 200 7.29969 0.000212208 -10.5847 0.000359763
30 200 12.5927 0.00064934 -14.2279 4.56556e-05
350 200 6.96926 0.000208851 -9.91819 0.000418052
35 200 12.2727 6.69095e-05 -14.1649 5.25761e-05
400 200 6.68937 0.000959154 -9.26792 0.00175834
40 200 11.996 0.00052998 -14.101 0.000157356
450 200 6.44815 0.00172778 -8.63225 0.00363526
500 200 6.22878 0.00273907 -7.98561 0.00646458
50 200 11.5122 0.000524345 -13.9647 0.000190154
5 200 17.8307 0.00714164 -14.6294 0.000238556
600 200 5.84169 0.000246594 -6.63119 0.000836876
60 200 11.0431 0.000774175 -13.7996 0.000360649
700 200 5.51887 5.95164e-05 -5.34024 0.000245665
70 200 10.5619 0.000321808 -13.5994 0.000151608
800 200 5.23435 0.00164466 -4.04167 0.00461047
80 200 10.1395 0.000326111 -13.4031 0.000193769
8 200 16.7159 0.00456236 -14.5922 0.000349981
90 200 9.79233 0.000277671 -13.2239 0.00013719
100 2050 10.1301 0.00267828 -12.5167 0.00236532
150 2050 9.01983 0.0013817 -11.9286 0.00112935
200 2050 8.35046 0.000417122 -11.3219 0.00150114
300 2050 7.40797 0.000869321 -9.98942 0.00210525
400 2050 6.7501 0.000550749 -8.63094 0.00255078
500 2050 6.28413 0.000560902 -7.34828 0.00330876
50 2050 12.7724 0.00177938 -13.1791 0.000891599
600 2050 5.83727 0.00033576 -5.51835 0.00343925
700 2050 5.52154 0.000184693 -4.33244 0.000795172
800 2050 5.27595 0.000284942 -3.21586 0.00164314
10 2100 21.3319 0.0121557 -13.9238 0.00153143
120 2100 9.61921 0.001732 -12.2555 0.00240784
25 2100 16.0817 0.00610318 -13.6305 0.00115803
30 2100 15.2681 0.00370881 -13.5329 0.00107274
40 2100 14.0346 0.00621903 -13.34 0.00103889
70 2100 11.4845 0.00209678 -12.7889 0.00117087
85 2100 10.8256 0.00363207 -12.5497 0.00221254
95 2100 10.353 0.00438088 -12.5127 0.0039839
100 2125 10.1959 0.0033499 -12.4474 0.00337991
150 2125 9.03769 0.00135879 -11.8947 0.00117236
200 2125 8.36279 0.00067416 -11.2878 0.00156647
300 2125 7.4139 0.000549204 -9.95831 0.00195796
400 2125 6.75246 0.000647251 -8.58979 0.00308856
500 2125 6.28257 0.000530678 -7.28062 0.00354575
50 2125 12.8099 0.00444102 -13.1538 0.000925452
600 2125 5.84029 0.000567714 -5.48652 0.00215874
700 2125 5.5253 0.000489582 -4.30551 0.00213277
800 2125 5.27431 0.000177666 -3.19461 0.0011881
100 2250 10.3637 0.00243707 -12.2599 0.00277251
110 2250 10.0184 0.0054235 -12.1808 0.00737354
140 2250 9.2592 0.00118173 -11.9295 0.00251723
150 2250 9.07552 0.000183979 -11.8203 0.00232058
175 2250 8.69463 0.00133889 -11.5291 0.00288242
200 2250 8.38068 0.000927093 -11.221 0.00277447
20 2250 17.2846 0.00911711 -13.6739 0.00148946
225 2250 8.10577 0.000824094 -10.902 0.00237737
250 2250 7.85873 0.000678011 -10.573 0.00209634
300 2250 7.4221 0.000554647 -9.88069 0.00289875
350 2250 7.05723 0.000675051 -9.17624 0.00379768
400 2250 6.75555 0.000819699 -8.48934 0.00551922
450 2250 6.49993 0.000686961 -7.80002 0.00545997
500 2250 6.27155 0.000867432 -7.05692 0.00913672
50 2250 12.8677 0.00348197 -13.114 0.000913668
550 2250 6.02536 0.000832414 -6.04273 0.00126559
600 2250 5.84692 0.000269916 -5.44557 0.00209584
60 2250 12.115 0.00161215 -12.9185 0.000580688
650 2250 5.68338 0.000612936 -4.85751 0.00245939
700 2250 5.53969 0.000245075 -4.28704 0.0023409
750 2250 5.40074 0.000343762 -3.70648 0.00223983
800 2250 5.28391 0.00047219 -3.15187 0.0023547
80 2250 11.0819 0.000997685 -12.5712 0.00109622
90 2250 10.6975 0.0021722 -12.4113 0.00156376
10 2300 21.6944 0.0122926 -13.8643 0.00140238
120 2300 9.74696 0.00355468 -12.0719 0.00515899
25 2300 16.2389 0.00756256 -13.5602 0.00144819
30 2300 15.3865 0.00522981 -13.4625 0.000993291
40 2300 14.1357 0.00304214 -13.2668 0.00108355
70 2300 11.5579 0.000687296 -12.7227 0.000757057
85 2300 10.8988 0.000879597 -12.474 0.00120629
95 2300 10.5436 0.00159528 -12.3156 0.00153797
100 2375 10.3995 0.00140686 -12.2098 0.00146287
150 2375 9.12273 0.00123232 -11.7064 0.00320654
200 2375 8.40004 0.00131127 -11.1372 0.00342383
300 2375 7.42876 0.000720858 -9.76485 0.00456504
400 2375 6.75311 0.0007629 -8.29178 0.00675546
500 2375 6.24479 0.000600201 -6.62407 0.00242469
50 2375 12.9337 0.00445849 -13.0705 0.000867045
600 2375 5.8545 0.000309847 -5.40659 0.00123721
700 2375 5.54601 0.000428335 -4.24863 0.00150613
800 2375 5.28925 0.000261528 -3.10652 0.00552771
100 2400 10.4074 0.00170888 -12.2037 0.00162514
150 2400 9.13763 0.00191622 -11.6613 0.00623154
200 2400 8.40487 0.00132812 -11.1045 0.00445382
300 2400 7.42931 0.000846476 -9.72984 0.00558492
400 2400 6.74865 0.000894 -8.18654 0.00998687
500 2400 6.24605 0.000636479 -6.61651 0.00272818
50 2400 12.9771 0.00859783 -13.0614 0.000882708
600 2400 5.85268 0.000672759 -5.39943 0.00157026
700 2400 5.5506 0.000591456 -4.2479 0.00256808
800 2400 5.28529 0.000527627 -3.10523 0.00263211
100 2450 10.4188 0.000940381 -12.1855 0.00143211
150 2450 9.18455 0.00269489 -11.5174 0.00892639
200 2450 8.41376 0.00135117 -11.0334 0.00549581
300 2450 7.42995 0.000947975 -9.64221 0.00733252
400 2450 6.73713 0.000805797 -7.91893 0.0101698
500 2450 6.24862 0.000778648 -6.59991 0.00264794
50 2450 13.1555 0.0259117 -13.0291 0.00291731
600 2450 5.85976 0.000643245 -5.38141 0.00256629
700 2450 5.54222 0.000260946 -4.20917 0.00250525
800 2450 5.2915 0.000318603 -3.05384 0.00921813
100 2500 10.4327 0.0013431 -12.1687 0.00131327
110 2500 10.1392 0.00156629 -12.0133 0.00158404
120 2500 9.87491 0.00154229 -11.8588 0.00171895
140 2500 9.41558 0.00190524 -11.5616 0.00275387
150 2500 9.21112 0.00198023 -11.4344 0.00521297
175 2500 8.76286 0.00112999 -11.2574 0.006873
200 2500 8.42448 0.0015129 -10.9582 0.00658013
20 2500 17.5124 0.0107305 -13.5944 0.00129589
225 2500 8.13435 0.00120322 -10.6382 0.00854823
250 2500 7.87677 0.00107012 -10.2826 0.00723343
300 2500 7.4254 0.00108414 -9.46119 0.0116759
350 2500 7.0462 0.00062957 -8.5606 0.00586516
400 2500 6.73816 0.000554995 -7.86948 0.00255246
40 2500 14.225 0.00477252 -13.1981 0.000870807
450 2500 6.47779 0.000727621 -7.21659 0.0024664
500 2500 6.25055 0.00074404 -6.58178 0.00251835
50 2500 13.2699 0.00430986 -12.9997 0.00143138
550 2500 6.04934 0.000607217 -5.95772 0.00244573
600 2500 5.85939 0.00110369 -5.36308 0.0023871
60 2500 12.2208 0.00282746 -12.8413 0.000791922
700 2500 5.55223 0.000613664 -4.21344 0.00390983
70 2500 11.6262 0.00219254 -12.6612 0.00035677
750 2500 5.41808 0.000338077 -3.65148 0.00266378
800 2500 5.29274 0.000220418 -3.01702 0.00894481
80 2500 11.1549 0.000884649 -12.4916 0.000878447
85 2500 10.9504 0.000101665 -12.4072 0.00108352
90 2500 10.7667 0.00188792 -12.3278 0.00104037
95 2500 10.5934 0.00100043 -12.2454 0.00116792
100 2625 10.4613 0.000416265 -12.1282 0.000966845
150 2625 9.24294 0.00161304 -11.3538 0.00202907
200 2625 8.45072 8.73046e-05 -10.624 0.00189851
300 2625 7.42285 0.000952257 -9.19275 0.000872566
400 2625 6.74477 0.000421785 -7.82852 0.000889698
500 2625 6.25668 0.000650598 -6.54657 0.00212435
50 2625 13.3314 0.00186783 -12.9555 0.00110811
600 2625 5.87426 0.000510434 -5.31563 0.00200396
700 2625 5.55769 0.000325243 -4.18672 0.00318098
800 2625 5.29702 0.000268561 -2.95709 0.00270764
120 2700 9.91505 0.00131165 -11.7913 0.00161823
70 2700 11.6976 0.00189453 -12.5985 0.000683614
85 2700 11.006 0.00156478 -12.3457 0.000870092
95 2700 10.6404 0.000598812 -12.1847 0.00113456
100 2750 10.4928 0.000927182 -12.0904 0.000814949
150 2750 9.2646 0.00167453 -11.3161 0.00201893
200 2750 8.46682 0.00117709 -10.5793 0.00179614
300 2750 7.43181 0.00122907 -9.15019 0.00265368
350 2750 7.06004 0.000891426 -8.45775 0.00254136
400 2750 6.75179 0.000563465 -7.78944 0.00265254
450 2750 6.49058 0.000447537 -7.14338 0.00137227
500 2750 6.26308 0.000587364 -6.51546 0.00197958
50 2750 13.3738 0.00401889 -12.9099 0.00108253
550 2750 6.06116 0.000738808 -5.89584 0.00264046
600 2750 5.88018 0.000691782 -5.28923 0.00260664
650 2750 5.716 0.000633243 -4.69033 0.00278614
700 2750 5.56685 0.000474751 -4.098 0.0023268
750 2750 5.42951 0.000363693 -3.5121 0.00172258
800 2750 5.30232 0.000217492 -2.93512 0.00127981
120 2900 9.95531 0.00110303 -11.7311 0.000997968
70 2900 11.7705 0.00180678 -12.5352 0.00051772
85 2900 11.0622 0.00209962 -12.2837 0.000644338
95 2900 10.6905 0.00111277 -12.1231 0.00085944
100 3000 10.549 0.00153368 -12.0131 0.000921267
110 3000 10.244 0.00304485 -11.8563 0.000929716
140 3000 9.50775 0.000753269 -11.3952 0.00144072
150 3000 9.307 0.00122013 -11.2423 0.00158518
175 3000 8.86463 0.00147663 -10.8678 0.0020579
200 3000 8.49783 0.00133442 -10.5054 0.00206427
20 3000 17.9477 0.0100979 -13.4258 0.00223576
225 3000 8.18473 0.00111875 -10.1426 0.0018923
250 3000 7.91129 0.00084075 -9.78616 0.00123007
300 3000 7.45066 0.0013507 -9.07723 0.00270637
350 3000 7.07616 0.00105798 -8.38597 0.00272924
400 3000 6.76681 0.000869816 -7.72333 0.00274091
450 3000 6.5037 0.000730603 -7.08245 0.00319102
500 3000 6.27589 0.000356406 -6.45459 0.000744953
50 3000 13.4749 0.0038504 -12.8273 0.00139634
550 3000 6.0733 0.000492528 -5.84002 0.00170479
600 3000 5.89205 0.000663172 -5.23575 0.00253419
60 3000 12.7017 0.00677149 -12.6337 0.00196078
650 3000 5.72767 0.000654194 -4.63681 0.00272872
700 3000 5.57772 0.000702261 -4.0478 0.00307886
750 3000 5.44002 0.000526937 -3.46312 0.00239847
800 3000 5.31215 0.000516782 -2.88162 0.00260625
80 3000 11.3072 0.00163754 -12.3346 0.00182049
90 3000 10.897 0.00130347 -12.1746 0.00103725
100 300 9.5589 0.000310209 -13.0537 0.000190217
10 300 16.3809 0.00322962 -14.5374 0.000275203
110 300 9.3347 0.000334485 -12.9129 0.000261886
125 300 9.06016 0.000323174 -12.7197 0.000257003
12 300 15.8968 0.00280186 -14.5037 0.000336091
150 300 8.69599 0.000308315 -12.4173 0.00028552
15 300 15.2554 0.0042269 -14.4538 0.000586574
175 300 8.39637 0.000475429 -12.1204 0.000463529
17 300 14.6053 0.0083715 -14.3955 0.00076109
200 300 8.13037 0.000594938 -11.8163 0.000706911
20 300 13.6794 0.00238601 -14.3223 0.000179447
225 300 7.89962 0.000412087 -11.5157 0.000515761
250 300 7.68817 0.000239366 -11.2068 0.000453033
25 300 13.0834 0.00201638 -14.2587 0.000266729
275 300 7.49049 0.000266911 -10.8856 0.00044685
300 300 7.30356 0.000299526 -10.5526 0.000616194
30 300 12.6561 0.000526118 -14.1943 0.000150893
350 300 6.97116 0.000125822 -9.88231 0.000216987
35 300 12.3072 0.000829691 -14.1293 7.7891e-05
400 300 6.69284 0.000686771 -9.23575 0.00123578
40 300 12.0128 0.00020313 -14.0631 0.000101624
450 300 6.45254 0.00157717 -8.60295 0.00320277
500 300 6.23415 0.00184111 -7.95837 0.00428672
50 300 11.4919 0.000986649 -13.9161 0.000431196
5 300 18.1178 0.0085987 -14.5989 0.000219955
600 300 5.8585 0.000414593 -6.65808 0.00121018
60 300 10.9992 0.0003914 -13.7411 0.00019611
700 300 5.52289 0.000375977 -5.31516 0.00155616
70 300 10.5581 0.000433252 -13.5605 0.000204464
800 300 5.22809 0.000602796 -3.99834 0.000940932
80 300 10.1661 0.000311089 -13.3798 0.000185531
8 300 16.9252 0.0040984 -14.5608 0.000682714
90 300 9.83115 0.000269807 -13.2083 0.00017748
120 3100 9.99564 0.00109208 -11.6731 0.00103123
70 3100 12.0726 0.0159333 -12.4208 0.00395834
85 3100 11.1201 0.00165555 -12.2232 0.000362276
95 3100 10.7422 0.00225594 -12.0631 0.000779305
100 3250 10.6075 0.00189569 -11.9399 0.00198278
150 3250 9.34662 0.00149129 -11.1725 0.00130978
200 3250 8.52927 0.00145533 -10.4343 0.0021144
300 3250 7.47025 0.000711071 -9.01409 0.0014375
350 3250 7.09343 0.00119579 -8.32841 0.00277639
400 3250 6.78162 0.00104971 -7.66511 0.00291206
450 3250 6.51824 0.000781433 -7.02472 0.00283179
500 3250 6.28851 0.000686924 -6.40365 0.00317696
50 3250 13.5732 0.0051033 -12.7423 0.00165579
550 3250 6.08563 0.000533518 -5.79104 0.00342584
600 3250 5.90396 0.000205996 -5.18731 0.00108309
650 3250 5.73903 0.000445822 -4.59167 0.00174601
700 3250 5.5888 0.000576762 -4.00418 0.00246842
750 3250 5.4501 0.000632919 -3.42137 0.00297193
800 3250 5.32215 0.000638741 -2.84373 0.00314049
120 3300 10.0341 0.000787017 -11.6176 0.00225896
70 3300 12.1777 0.00261465 -12.3427 0.00167008
85 3300 11.1808 0.00105311 -12.1603 0.000647913
95 3300 10.7901 0.00143011 -12.0031 0.00206276
110 3500 10.3542 0.00210282 -11.7125 0.000302848
120 3500 10.0748 0.00304753 -11.5614 0.00212463
140 3500 9.59641 0.0026467 -11.2564 0.000723875
175 3500 8.93727 0.000666861 -10.7359 0.00163573
20 3500 18.3382 0.00762189 -13.2501 0.00215907
225 3500 8.24014 0.00112601 -10.014 0.00191127
250 3500 7.95961 0.00155763 -9.65794 0.00263051
350 3500 7.11157 0.000410124 -8.27132 0.00088992
450 3500 6.53233 0.000955584 -6.97536 0.00306428
550 3500 6.09861 0.00075925 -5.74294 0.00344985
60 3500 12.8834 0.00589254 -12.4629 0.00174655
650 3500 5.75063 0.000401991 -4.54934 0.00330517
70 3500 12.255 0.00439824 -12.2759 0.00188689
750 3500 5.46066 0.000465209 -3.37958 0.00211177
80 3500 11.7168 0.0025253 -12.0958 0.00182492
85 3500 11.4706 0.00885951 -12.0172 0.00369055
90 3500 11.0552 0.0037895 -12.015 0.00131519
95 3500 10.8468 0.000976453 -11.9417 0.000814455
120 3700 10.1206 0.0017271 -11.5015 0.000434807
70 3700 12.312 0.00366515 -12.2089 0.00154023
85 3700 11.5405 0.00209433 -11.9444 0.00125329
95 3700 11.0903 0.0130979 -11.7935 0.00715461
100 3750 10.7535 0.00375757 -11.7832 0.00281169
150 3750 9.43119 0.00259349 -11.0409 0.000797235
200 3750 8.59423 0.00090487 -10.3128 0.00198846
300 3750 7.51181 0.00127238 -8.89877 0.00245642
400 3750 6.81373 0.000407379 -7.56255 0.000335005
500 3750 6.31514 0.00104112 -6.30952 0.00358451
50 3750 13.7535 0.0059346 -12.5628 0.00173986
600 3750 5.92783 0.000749136 -5.10072 0.00382393
700 3750 5.61032 0.000511809 -3.92375 0.00376408
800 3750 5.34245 3.79908e-05 -2.76592 0.00376881
110 4000 10.6186 0.0151278 -11.4684 0.010229
120 4000 10.1844 0.001624 -11.4202 0.00244368
140 4000 9.6895 0.00303434 -11.1245 0.00272666
175 4000 9.01187 0.00114256 -10.613 0.00103582
20 4000 18.7143 0.00832897 -13.0634 0.00288974
225 4000 8.29866 0.000610037 -9.89924 0.00191912
250 4000 8.01202 0.00122682 -9.54642 0.00233332
350 4000 7.14857 0.00102953 -8.16861 0.00223084
450 4000 6.56121 0.00115323 -6.88305 0.00344254
550 4000 6.12338 0.000968604 -5.6612 0.00355058
60 4000 13.0475 0.00520475 -12.2845 0.00245595
650 4000 5.77347 0.000830863 -4.46977 0.004108
70 4000 12.4094 0.00477384 -12.1062 0.00164207
750 4000 5.48134 0.000603578 -3.30633 0.00410958
80 4000 11.8695 0.00367724 -11.9305 0.00167419
85 4000 11.6365 0.00279343 -11.8457 0.00149731
90 4000 11.408 0.00307758 -11.7613 0.00133093
95 4000 11.2074 0.00289155 -11.6792 0.00123812
100 400 9.59028 0.000422625 -13.0346 0.000267827
10 400 16.4813 0.00277691 -14.49 0.000385881
110 400 9.36297 0.000225157 -12.8926 0.000198467
125 400 9.08219 0.000388028 -12.6963 0.000271706
12 400 15.9871 0.00235133 -14.4615 0.000333769
150 400 8.71378 0.000409188 -12.3933 0.000371236
15 400 15.3197 0.00291821 -14.411 0.000435229
175 400 8.40846 0.000850285 -12.0937 0.000806042
17 400 14.8623 0.00406445 -14.372 0.000442764
200 400 8.14441 0.000627227 -11.7932 0.00073025
20 400 14.0878 0.00449577 -14.3057 0.000367438
225 400 7.90994 0.000538773 -11.4899 0.000695112
250 400 7.69571 0.000356172 -11.1789 0.00054162
25 400 13.2503 0.0016704 -14.2292 0.000205908
275 400 7.49537 0.000324392 -10.8546 0.000582585
300 400 7.30725 0.000304444 -10.5196 0.000641134
30 400 12.7474 0.000902933 -14.1614 0.000141423
350 400 6.97269 0.000142897 -9.84661 0.000393389
35 400 12.3592 0.00105192 -14.0929 0.000251196
400 400 6.69589 0.000458912 -9.20247 0.00082694
40 400 12.032 0.00127253 -14.0218 0.000426433
450 400 6.45512 0.00118394 -8.56934 0.00236649
500 400 6.23894 0.00160775 -7.93254 0.00378282
50 400 11.4699 0.00105854 -13.8635 0.000452998
5 400 19.3536 0.132453 -14.5622 0.00211616
600 400 5.87002 0.00042002 -6.66286 0.00097607
60 400 10.9854 0.000573047 -13.695 0.000259053
700 400 5.51929 0.000460779 -5.26013 0.0017973
70 400 10.5646 0.000344907 -13.5253 0.000214684
800 400 5.22746 0.000107346 -3.96035 0.000478819
80 400 10.1897 0.000393913 -13.3547 0.000225957
8 400 17.1024 0.00597363 -14.5144 0.000420248
90 400 9.86264 0.00051285 -13.1879 0.000127407
350 4500 7.1877 0.00115369 -8.07694 0.00294584
450 4500 6.59124 0.000877584 -6.79884 0.0023868
550 4500 6.1492 0.0010289 -5.57988 0.00379392
650 4500 5.79553 0.00089473 -4.39789 0.00379696
750 4500 5.50195 0.000785006 -3.23823 0.00431368
100 500 9.6188 0.000636192 -13.0126 0.000322483
10 500 16.6508 0.00437854 -14.4503 0.00031583
110 500 9.38917 0.000297928 -12.8707 0.000177788
125 500 9.10438 0.000578469 -12.6732 0.000461151
12 500 16.1081 0.00290904 -14.4238 0.000285735
150 500 8.72958 0.000240429 -12.3673 0.000324839
15 500 15.4343 0.00234113 -14.3781 0.000385328
175 500 8.42112 0.000947649 -12.0672 0.000923537
17 500 15.014 0.00404671 -14.3455 0.000481772
200 500 8.15652 0.000679568 -11.7676 0.000775656
20 500 14.381 0.00390606 -14.2904 0.000416659
225 500 7.9208 0.000473887 -11.4645 0.000554791
250 500 7.70385 0.000359876 -11.1501 0.000516207
25 500 13.4776 0.00269197 -14.2057 0.000293114
275 500 7.50099 0.00028082 -10.8234 0.00054351
300 500 7.31124 0.000247665 -10.4865 0.000522183
30 500 12.8716 0.00185631 -14.1306 0.000325224
350 500 6.97526 0.0003023 -9.81287 0.000367581
35 500 12.4186 0.00141102 -14.0541 0.000398342
400 500 6.69785 0.000282494 -9.16706 0.000685722
40 500 12.0596 0.00032912 -13.9783 0.000238635
450 500 6.45803 0.000846853 -8.53716 0.00155983
500 500 6.23981 0.00161784 -7.89914 0.00361192
50 500 11.4648 0.000706935 -13.8154 0.000293948
5 500 20.5701 0.0442273 -14.5185 0.00094699
600 500 5.85526 0.00173881 -6.594 0.00468991
60 500 10.9883 0.000399797 -13.6538 0.000199262
700 500 5.53112 0.000598168 -5.26793 0.00245027
70 500 10.5784 0.000364738 -13.492 0.000262618
800 500 5.23198 0.000145143 -3.94215 0.000570218
80 500 10.2126 0.000460217 -13.3275 0.000232651
8 500 17.7897 0.0536928 -14.4685 0.000674412
90 500 9.89139 0.00057995 -13.1653 0.000361034
100 600 9.64538 0.000648798 -12.9889 0.000440243
10 600 17.4782 0.0531299 -14.3988 0.000829397
110 600 9.41353 0.000486533 -12.8468 0.00030594
125 600 9.12651 0.000533274 -12.6493 9.02171e-05
12 600 16.3673 0.00664934 -14.382 0.000447501
150 600 8.74454 0.000745547 -12.3407 0.000658393
15 600 15.6075 0.00297911 -14.3427 0.000330684
175 600 8.4363 0.000421302 -12.0425 0.000480378
17 600 15.1784 0.00348829 -14.317 0.00038625
200 600 8.16973 0.000390629 -11.7434 0.000321611
20 600 14.5857 0.00414457 -14.2695 0.000394751
225 600 7.93069 0.00022572 -11.4374 0.000465156
250 600 7.71132 0.000589743 -11.1206 0.000780286
25 600 13.702 0.00311866 -14.1836 0.000277008
275 600 7.50726 0.000242413 -10.7921 0.000718617
300 600 7.31529 0.000191343 -10.4537 0.000255876
30 600 13.0148 0.00223936 -14.1002 0.000380824
350 600 6.97753 0.000338893 -9.77638 0.000885452
35 600 12.497 0.00204287 -14.0169 0.000426872
400 600 6.70004 0.000113394 -9.13277 0.000445335
40 600 12.0916 0.00193997 -13.9341 0.000574195
450 600 6.46166 0.00050724 -8.50694 0.000862782
500 600 6.24489 0.00122355 -7.87344 0.00268953
50 600 11.4749 0.000894858 -13.7715 0.000434846
5 600 21.1404 0.0182101 -14.4761 0.000707646
600 600 5.857 0.00201056 -6.56579 0.00551731
60 600 11.0003 0.000552623 -13.6158 0.000238822
700 600 5.5402 0.000291075 -5.26423 0.00122774
70 600 10.5976 0.000296101 -13.4594 0.000479492
800 600 5.2358 8.70342e-05 -3.91812 0.00010434
80 600 10.2364 0.000446803 -13.2987 0.000246402
8 600 18.797 0.032687 -14.4334 0.00126376
90 600 9.91884 0.000208648 -13.141 0.000239978
100 700 9.67304 0.000361634 -12.9646 0.000226348
10 700 18.1241 0.0374147 -14.3643 0.000851922
110 700 9.43928 0.000662326 -12.8231 0.000428645
125 700 9.14804 0.000322915 -12.6249 0.000356581
12 700 17.2181 0.043856 -14.329 0.00120671
150 700 8.76328 0.000444293 -12.3164 0.000125352
15 700 15.874 0.0109094 -14.3044 0.000822405
175 700 8.45018 0.000923868 -12.0163 0.000852591
17 700 15.373 0.0055926 -14.2829 0.000524131
200 700 8.18209 0.000682457 -11.7174 0.000729429
20 700 14.7849 0.00491074 -14.2403 0.000488991
225 700 7.94131 0.00057146 -11.4104 0.000674962
250 700 7.71912 0.000587753 -11.0918 0.000682612
25 700 13.8953 0.00323241 -14.1617 0.000290542
275 700 7.51282 0.000387281 -10.7611 0.000784429
300 700 7.31962 0.000339887 -10.4206 0.000727012
30 700 13.1569 0.00282558 -14.071 0.000266679
350 700 6.98096 0.000294232 -9.74361 0.00123779
35 700 12.5834 0.00288786 -13.9812 0.00074115
400 700 6.70195 0.00015147 -9.09719 0.000455046
40 700 12.1451 0.00172276 -13.8948 0.000504646
450 700 6.46639 0.000371104 -8.47834 0.000890658
500 700 6.24897 0.00083361 -7.84629 0.00187543
50 700 11.4993 0.00110272 -13.7321 0.000322848
5 700 21.6566 0.0107558 -14.4387 0.000474544
600 700 5.86546 0.00149603 -6.56001 0.0038353
60 700 11.0214 0.000831519 -13.5792 0.000359823
700 700 5.54662 0.000335571 -5.25034 0.00144345
70 700 10.6192 0.000407251 -13.4267 0.000365209
800 700 5.2395 0.000171031 -3.89128 0.000897119
80 700 10.2628 0.000282219 -13.2706 0.000195334
8 700 19.2061 0.01337 -14.3937 0.000623401
90 700 9.9464 0.000931392 -13.1146 0.000112282
100 800 9.70028 0.000564659 -12.9389 0.000615325
10 800 18.4836 0.0110427 -14.3255 0.000721217
110 800 9.464 0.000306668 -12.7978 0.000627798
125 800 9.16779 0.000686598 -12.5975 0.000555384
12 800 17.6473 0.0236064 -14.2955 0.0010229
150 800 8.77953 0.000364533 -12.2903 0.000417017
15 800 16.4049 0.0184615 -14.2457 0.00104645
175 800 8.4657 0.000527023 -11.9913 0.000423495
17 800 15.9088 0.0233545 -14.2202 0.00183954
200 800 8.19464 0.000633151 -11.691 0.000756213
20 800 15.0399 0.00772098 -14.2018 0.000472274
225 800 7.95086 0.000534175 -11.3826 0.00045128
250 800 7.72821 0.000264106 -11.0644 0.000647821
25 800 14.096 0.00664208 -14.1329 0.000434954
275 800 7.51954 0.000243432 -10.7312 0.000511869
300 800 7.32496 0.000367168 -10.3897 0.000707503
30 800 13.3024 0.0050448 -14.0432 0.000984896
350 800 6.98364 0.000424957 -9.70992 0.00107821
35 800 12.68 0.00255845 -13.9479 0.000641
400 800 6.70394 0.000311429 -9.06269 0.000465261
40 800 12.2007 0.0015053 -13.8569 0.000500018
450 800 6.46879 0.000253542 -8.4451 0.000622216
500 800 6.25509 0.000581034 -7.8232 0.00136493
50 800 11.5337 0.00120009 -13.6939 0.000440495
5 800 22.0703 0.0104786 -14.4007 0.000480479
600 800 5.87243 0.00155215 -6.5435 0.00402802
60 800 11.0486 0.00101534 -13.5442 0.000412162
700 800 5.55262 0.000287838 -5.23416 0.00112811
70 800 10.6438 0.000768831 -13.3944 0.000386736
800 800 5.24347 0.000163539 -3.86553 0.000396004
80 800 10.2881 0.000803065 -13.241 0.000442826
8 800 19.5893 0.0106975 -14.3588 0.00046686
90 800 9.97381 0.000492987 -13.0876 0.000399522
10 850 18.6135 0.0087871 -14.3088 0.000393248
20 850 15.2401 0.00986972 -14.1722 0.00119993
30 850 13.4029 0.00399065 -14.0298 0.000687704
40 850 12.2394 0.00198098 -13.8399 0.000615825
50 850 11.5539 0.000964631 -13.6769 0.000373207
100 900 9.72665 0.000408113 -12.9127 0.000340583
10 900 18.7457 0.00628726 -14.292 0.000500491
110 900 9.48855 0.000496822 -12.7716 0.000624509
125 900 9.19012 0.000409485 -12.5722 0.00061463
12 900 17.907 0.011965 -14.2598 0.000613572
150 900 8.79787 0.000659142 -12.2645 0.00061695
15 900 16.8297 0.0313508 -14.2102 0.000871257
175 900 8.47862 0.000567585 -11.9644 0.000429677
17 900 16.1277 0.00634871 -14.1754 0.0006193
200 900 8.20551 0.000208597 -11.6639 0.000576409
20 900 15.4976 0.011273 -14.1354 0.0010033
225 900 7.96214 0.000576591 -11.3551 0.000574771
250 900 7.7362 0.000545031 -11.0339 0.00057881
25 900 14.3552 0.00801728 -14.0929 0.00107076
275 900 7.52592 0.000471001 -10.7003 0.000595787
300 900 7.33023 0.000472711 -10.3575 0.000619197
30 900 13.4932 0.00471847 -14.0137 0.000765868
350 900 6.98769 0.000158552 -9.67817 0.000867001
35 900 12.7764 0.00350617 -13.9155 0.000670265
400 900 6.70657 0.000407758 -9.03064 0.00105488
40 900 12.2761 0.00124963 -13.8244 0.000394946
450 900 6.47048 7.54338e-05 -8.41238 nan
500 900 6.26284 0.000142959 -7.8024 0.000394946
50 900 11.5732 0.000829473 -13.6585 0.000270746
5 900 22.4865 0.0168164 -14.3647 0.000622656
600 900 5.87818 0.000830019 -6.52401 0.00205469
60 900 11.078 0.000404616 -13.5091 0.000340459
700 900 5.55793 0.00038571 -5.21496 0.001632
70 900 10.6726 0.000819363 -13.3617 0.000494078
800 900 5.2461 0.000131695 -3.82941 0.000778261
80 900 10.3159 0.000969935 -13.2103 0.000538991
8 900 19.9031 0.0113629 -14.3232 0.000564878
90 900 10.0015 0.000848334 -13.0594 0.000540196
