# P[GPa] T[K] volume[A^3/molecule] PE[eV/molecule]
100 1000 10.1407 0.00371952 -12.6359 0.0018363
10 1000 19.0117 0.0031817 -14.2576 0.00029175
110 1000 9.63997 0.0200247 -12.6271 0.0152948
125 1000 9.49605 0.00465563 -12.2544 0.00332884
150 1000 8.89899 0.00580656 -12.0829 0.0127221
15 1000 17.1382 0.00316746 -14.1773 0.000277825
175 1000 8.60286 0.0109819 -11.6727 0.0250172
200 1000 8.26119 0.00365341 -11.512 0.0108022
20 1000 15.9934 0.00207946 -14.0987 0.000374965
30 1000 14.4864 0.00176929 -13.9315 0.000404488
40 1000 13.406 0.00363606 -13.7459 0.000449317
50 1000 12.4739 0.0108882 -13.5526 0.000867248
5 1000 22.9815 0.0072256 -14.3339 0.000267886
60 1000 11.8383 0.00397346 -13.3495 0.000690027
70 1000 10.9156 0.00562321 -13.2414 0.00153322
80 1000 10.8145 0.0117482 -12.9873 0.00380953
90 1000 10.1908 0.0151223 -12.9277 0.00685888
100 1075 10.1494 0.00653588 -12.62 0.00276594
10 1075 19.2034 0.00405941 -14.2333 0.000272221
110 1075 9.69002 0.0239062 -12.5956 0.016601
125 1075 9.32717 0.00775142 -12.4012 0.00806604
15 1075 17.261 0.00234132 -14.1515 0.000294771
20 1075 16.0896 0.00271487 -14.0714 0.000419794
30 1075 14.5531 0.00202375 -13.9017 0.00043729
40 1075 13.4401 0.00185504 -13.7146 0.000358346
50 1075 12.2302 0.0415621 -13.5455 0.00367511
5 1075 23.287 0.00821744 -14.3099 0.000277559
60 1075 11.5238 0.0502136 -13.3782 0.00845796
70 1075 10.9529 0.0265854 -13.2404 0.00821822
80 1075 10.8576 0.00593979 -12.9555 0.0022661
90 1075 10.4092 0.0201774 -12.8098 0.00988548
100 1100 9.99392 0.0254272 -12.691 0.0138325
10 1100 19.267 0.00457424 -14.2262 0.000317945
120 1100 9.64091 0.00263312 -12.2892 0.00179712
140 1100 9.17809 0.0138418 -12.0493 0.0159219
160 1100 8.7446 0.00454695 -11.9845 0.00579987
180 1100 8.52378 0.0123167 -11.6527 0.0282122
20 1100 16.1155 0.0020542 -14.0616 0.000365447
220 1100 8.07456 0.00749505 -11.1507 0.0337568
240 1100 7.88207 0.004172 -10.8648 0.0257237
260 1100 7.7053 0.00406967 -10.4964 0.0317709
30 1100 14.5671 0.00172129 -13.8924 0.000451917
40 1100 13.4749 0.00245502 -13.7043 0.000326374
50 1100 12.5728 0.00604735 -13.5085 0.000731696
60 1100 11.4962 0.0280293 -13.3776 0.00612628
80 1100 10.7608 0.0262469 -12.9838 0.010578
100 1125 9.91694 0.0129573 -12.7365 0.0102812
10 1125 19.319 0.00480202 -14.2168 0.000400037
110 1125 9.79622 0.0202366 -12.4915 0.0133884
125 1125 9.3277 0.0122045 -12.3508 0.0121253
15 1125 17.3381 0.00249183 -14.1342 0.000377456
20 1125 16.1482 0.0024557 -14.0532 0.000400495
30 1125 14.5958 0.00193052 -13.8835 0.000425037
40 1125 13.0166 0.0443634 -13.726 0.00288418
50 1125 12.4242 0.0316742 -13.5076 0.00318752
5 1125 23.5157 0.00737426 -14.2947 0.00020982
60 1125 11.9039 0.00281981 -13.2986 0.000449179
70 1125 11.346 0.00350112 -13.1119 0.000935898
80 1125 10.7324 0.0251916 -12.9823 0.00957429
90 1125 10.4668 0.0146717 -12.7735 0.00742262
100 1200 9.98468 0.0252003 -12.695 0.0161281
10 1200 19.4958 0.0054079 -14.1939 0.000294609
110 1200 9.74634 0.0257638 -12.5381 0.0193972
120 1200 9.44997 0.0140228 -12.4596 0.0141183
125 1200 9.37719 0.0100035 -12.3426 0.0111195
140 1200 9.14387 0.0175 -12.0829 0.0229124
15 1200 17.4619 0.00242105 -14.1094 0.000302363
160 1200 8.79903 0.00395981 -11.7474 0.00575559
180 1200 8.51212 0.00577161 -11.6643 0.019452
20 1200 16.2317 0.00234796 -14.0257 0.000459181
220 1200 8.10684 0.00705502 -10.9974 0.0288094
240 1200 7.87589 0.000487705 -10.95 0.00349367
260 1200 7.67139 0.00196772 -10.5675 0.00728656
30 1200 14.648 0.00226155 -13.8541 0.000459541
40 1200 13.5414 0.00236034 -13.6651 0.000484846
50 1200 12.6521 0.00192678 -13.4663 0.000481034
5 1200 23.8129 0.00876543 -14.2722 0.000307163
60 1200 11.9469 0.00245896 -13.2675 0.000549408
70 1200 10.9446 0.0219808 -13.1989 0.00649509
80 1200 10.742 0.0292461 -12.9679 0.0107599
90 1200 10.3728 0.0214301 -12.7952 0.00941187
100 1250 10.2356 0.00203754 -12.5356 0.00139901
105 1250 9.79538 0.0145741 -12.6489 0.0106259
10 1250 19.6248 0.00540963 -14.1785 0.000418089
115 1250 9.54903 0.00349152 -12.5263 0.00263673
125 1250 9.40447 0.00953906 -12.275 0.010474
135 1250 9.15167 0.00575839 -12.2348 0.0122867
150 1250 8.94587 0.00378076 -11.9135 0.0067617
15 1250 17.5412 0.00353051 -14.0925 0.000347464
175 1250 8.55876 0.00101904 -11.77 0.0146402
200 1250 8.28348 0.00312424 -11.4413 0.0116075
20 1250 16.2879 0.00274777 -14.0084 0.000413088
25 1250 15.4014 0.00236428 -13.9241 0.000419288
30 1250 14.6904 0.0017995 -13.8352 0.000404823
35 1250 14.0938 0.00212156 -13.743 0.000533198
40 1250 13.3232 0.00614694 -13.6402 0.000730541
45 1250 12.7376 0.0468269 -13.5761 0.00388362
50 1250 12.6728 0.00192181 -13.4472 0.000487351
55 1250 12.098 0.0423659 -13.3769 0.00609544
60 1250 11.9758 0.0022596 -13.2475 0.000489809
65 1250 11.4075 0.0458534 -13.2089 0.00965838
70 1250 11.3839 0.00474068 -13.0658 0.00130019
75 1250 11.1292 0.00820684 -12.9811 0.0026536
80 1250 10.9536 0.00172959 -12.8763 0.000584013
85 1250 10.6538 0.0230689 -12.8312 0.0106232
95 1250 10.1661 0.0291913 -12.748 0.0178255
100 1300 9.93661 0.00216334 -12.6763 0.00125144
10 1300 19.7358 0.00549498 -14.1623 0.000544714
120 1300 9.58499 0.0230212 -12.3107 0.0168683
140 1300 9.21249 0.0182042 -11.9862 0.0204369
160 1300 8.78668 0.00171109 -11.9259 0.00136539
180 1300 8.52896 0.00441643 -11.6071 0.00779169
20 1300 16.3471 0.00292304 -13.9908 0.000224271
220 1300 8.08707 0.0063524 -11.0721 0.0267107
240 1300 7.86898 0.000310166 -10.8464 0.00444484
260 1300 7.72134 0.00348828 -10.454 0.0299675
30 1300 14.7289 0.0021496 -13.8166 0.000463609
40 1300 13.5996 0.00234452 -13.6269 0.000450373
50 1300 12.7072 0.00229352 -13.4269 0.000482277
60 1300 11.9948 0.00213925 -13.2284 0.000496005
80 1300 10.8375 0.0294297 -12.9101 0.011334
10 1325 19.7709 0.00524057 -14.1543 0.000330673
15 1325 17.6567 0.00263072 -14.0679 0.000327253
20 1325 16.3741 0.00263223 -13.9825 0.000340431
30 1325 14.7506 0.00212883 -13.808 0.000457834
40 1325 13.6148 0.0020498 -13.6175 0.000455388
50 1325 12.712 0.00191488 -13.4178 0.000493061
60 1325 11.7956 0.0425688 -13.262 0.00909959
70 1325 11.4422 0.00228538 -13.0275 0.000518029
10 1350 19.8603 0.00602587 -14.1491 0.000399829
20 1350 16.4024 0.00262608 -13.974 0.000388921
30 1350 14.7705 0.00249133 -13.7985 0.000458204
40 1350 13.6302 0.0017322 -13.6088 0.000433525
50 1350 12.7374 0.00243961 -13.4087 0.000527984
10 1375 19.8791 0.0063137 -14.1387 0.000430187
15 1375 17.7288 0.00283012 -14.0508 0.000370301
20 1375 16.4309 0.00230682 -13.9653 0.000363358
30 1375 14.7873 0.00248206 -13.7893 0.000479518
40 1375 13.6499 0.00180959 -13.5992 0.000502789
50 1375 12.7485 0.00161423 -13.3992 0.000506971
60 1375 12.0296 0.00216237 -13.1999 0.000528063
70 1375 11.4609 0.0016515 -13.0088 0.000520236
100 1400 10.1068 0.0301433 -12.5957 0.0210903
10 1400 19.9454 0.00546523 -14.1329 0.000332889
120 1400 9.62847 0.0223441 -12.265 0.0226928
140 1400 9.17549 0.0186735 -12.024 0.0232446
160 1400 8.79396 0.00272118 -11.902 0.00371931
180 1400 8.5276 0.00307217 -11.5792 0.0107945
20 1400 16.4573 0.00192131 -13.9571 0.000416967
220 1400 8.07781 0.000353807 -11.1357 0.0109476
240 1400 7.95077 0.00135757 -10.4825 0.00705889
260 1400 7.70741 0.000297689 -10.5597 0.00596466
30 1400 14.7993 0.0020305 -13.7801 0.000469342
40 1400 13.6626 0.00192211 -13.5898 0.000430965
50 1400 12.7601 0.00215215 -13.3895 0.000503217
60 1400 12.042 0.00204628 -13.1904 0.000615566
80 1400 11.0065 0.00125291 -12.8167 0.000539393
10 1450 20.0597 0.00676197 -14.1172 0.000463745
15 1450 17.8417 0.00330356 -14.0275 0.000298331
20 1450 16.5094 0.00217305 -13.9398 0.000531314
30 1450 14.8378 0.00263807 -13.7618 0.000490831
40 1450 13.6953 0.00185065 -13.5719 0.000447628
50 1450 12.7939 0.00161925 -13.3712 0.000387844
60 1450 11.7848 0.0382905 -13.2202 0.00671646
70 1450 11.488 0.0019408 -12.9812 0.000601164
100 1500 10.2118 0.0187132 -12.4973 0.0126117
10 1500 20.1615 0.00578083 -14.102 0.000489681
125 1500 9.6363 0.00201799 -12.0463 0.00192754
150 1500 8.95564 0.004404 -11.9958 0.00490181
15 1500 17.908 0.0041052 -14.0114 0.000425821
175 1500 8.59454 0.00527009 -11.6909 0.0144214
200 1500 8.30037 0.00271681 -11.27 0.0141901
20 1500 16.5614 0.00242527 -13.9233 0.00049269
30 1500 14.8765 0.00171191 -13.7434 0.000387737
40 1500 13.7248 0.00197991 -13.5525 0.000471697
50 1500 12.8193 0.00207192 -13.3529 0.000582585
60 1500 12.089 0.00157645 -13.1532 0.000543738
70 1500 11.5124 0.00139306 -12.9613 0.000581813
80 1500 11.0434 0.00112364 -12.7795 0.000489466
10 1525 20.2176 0.00583347 -14.0957 0.000449324
15 1525 17.9544 0.00450712 -14.0043 0.000473301
20 1525 16.6026 0.00270306 -13.9161 0.00046262
30 1525 14.8941 0.00196926 -13.7345 0.000508684
40 1525 13.7377 0.00172114 -13.5443 0.00056582
50 1525 12.8294 0.0016801 -13.3437 0.000506751
60 1525 11.7856 0.0256244 -13.2019 0.00589925
70 1525 11.5161 0.00340428 -12.9538 0.000899213
10 1575 20.3231 0.00627898 -14.0807 0.000545081
15 1575 18.0228 0.0042209 -13.9876 0.000485126
20 1575 16.6381 0.00317415 -13.8977 0.000517317
30 1575 14.9283 0.00161774 -13.7184 0.000433343
40 1575 13.7686 0.00143103 -13.5259 0.000458296
50 1575 12.856 0.00185182 -13.3258 0.000465809
60 1575 12.1271 0.00164616 -13.1252 0.00057735
70 1575 11.5395 0.0010997 -12.9331 0.000587087
100 1600 10.1411 0.0262066 -12.5334 0.018295
10 1600 20.3789 0.00696574 -14.0734 0.000466725
120 1600 9.5608 0.0181834 -12.3091 0.0178341
140 1600 9.14139 0.00510696 -12.0778 0.00958142
160 1600 8.8192 0.00428601 -11.8471 0.00698467
180 1600 8.55227 0.00441703 -11.5635 0.0110481
20 1600 16.6678 0.00278168 -13.8898 0.000460204
220 1600 8.10136 0.000979475 -11.0619 0.00714436
240 1600 7.86075 0.000422064 -10.6899 0.00219347
260 1600 7.74395 0.000286261 -10.5088 0.000414861
30 1600 14.9475 0.0018491 -13.7085 0.000544478
40 1600 13.7819 0.00184949 -13.5169 0.000457555
50 1600 12.8782 0.00153078 -13.3167 0.000500207
60 1600 12.1436 0.00162982 -13.1158 0.000615223
80 1600 10.7858 0.0316706 -12.8707 0.0146659
10 1625 20.421 0.00560706 -14.0652 0.000555299
15 1625 18.0855 0.00408594 -13.9713 0.000409043
20 1625 16.6952 0.00308688 -13.8818 0.000448879
30 1625 14.9641 0.00184871 -13.6988 0.000333956
40 1625 13.7944 0.0019511 -13.5084 0.000518665
50 1625 12.8868 0.00167093 -13.3062 0.000485863
60 1625 12.1524 0.00127032 -13.1083 0.000539768
70 1625 11.5664 0.00148835 -12.9148 0.000587771
10 1650 20.4765 0.00673869 -14.0577 0.000463276
15 1650 18.1191 0.00448734 -13.9642 0.000454036
20 1650 16.7164 0.00275163 -13.8729 0.000423473
30 1650 14.9773 0.00198164 -13.6913 0.000433423
40 1650 13.8134 0.0014101 -13.4995 0.000465425
50 1650 12.9002 0.00138599 -13.2974 0.000476228
60 1650 12.1662 0.00109604 -13.0977 0.000549551
70 1650 11.57 0.00170715 -12.9067 0.000617862
10 1700 20.574 0.00722539 -14.0429 0.000521995
15 1700 18.1923 0.00535856 -13.949 0.000591265
20 1700 16.77 0.00336493 -13.8565 0.00042453
30 1700 15.008 0.00106348 -13.6728 0.000448901
40 1700 13.8302 0.00180437 -13.4798 0.000503568
50 1700 12.9229 0.00163082 -13.2801 0.000568646
60 1700 12.1898 0.00110423 -13.0806 0.000528553
70 1700 11.3308 0.0263606 -12.9599 0.00833149
100 1750 10.1018 0.0189355 -12.5611 0.0148481
105 1750 10.2335 0.0010879 -12.2572 0.000840162
10 1750 20.6681 0.00602082 -14.0267 0.00068846
115 1750 9.94515 0.00391458 -12.1039 0.00307301
125 1750 9.68527 0.0055119 -11.9583 0.00552987
135 1750 9.26213 0.00131194 -12.0324 0.00208563
150 1750 9.01151 0.00738199 -11.8818 0.0126614
15 1750 18.2555 0.0049819 -13.9328 0.000442858
175 1750 8.64124 0.00307903 -11.5752 0.00839755
200 1750 8.34082 0.00119268 -11.2839 0.00411079
20 1750 16.8155 0.00302751 -13.8391 0.000457084
25 1750 15.8188 0.00126466 -13.7478 0.000442324
30 1750 15.0498 0.000654955 -13.6559 0.000391314
35 1750 14.411 0.00131055 -13.5595 0.0003096
40 1750 13.8631 0.0012228 -13.4619 0.000428328
45 1750 13.3792 0.00164567 -13.3625 0.000508581
50 1750 12.9523 0.00139255 -13.2619 0.0005415
55 1750 12.5585 0.00154287 -13.1621 0.000435456
60 1750 12.2128 0.00132255 -13.064 0.000550263
65 1750 11.8994 0.00129259 -12.9659 0.000602329
70 1750 11.6188 0.00119549 -12.8683 0.000579047
75 1750 11.3546 0.00168446 -12.7781 0.000594761
80 1750 11.1254 0.00134843 -12.6873 0.000713827
85 1750 10.8893 0.0113219 -12.6141 0.00589159
95 1750 10.5517 0.000997485 -12.4252 0.000597948
10 1775 20.7265 0.0056703 -14.0202 0.000601703
15 1775 18.2942 0.00511695 -13.9252 0.00049609
20 1775 16.8444 0.00430086 -13.8309 0.000527789
30 1775 15.0624 0.00167654 -13.6466 0.000367254
40 1775 13.878 0.000666462 -13.4528 0.000411119
50 1775 12.9619 0.00114431 -13.2542 0.000325729
60 1775 12.0452 0.0148578 -13.0674 0.00132751
70 1775 11.6226 0.00132333 -12.8603 0.000596193
100 1800 10.3959 0.00176288 -12.3241 0.000939677
10 1800 20.7918 0.00630523 -14.014 0.000646999
120 1800 9.83676 0.000888118 -11.9964 0.000751501
140 1800 9.3127 0.0177163 -11.8117 0.0285783
160 1800 8.86957 0.00354954 -11.7562 0.00449988
180 1800 8.60513 0.00682222 -11.4228 0.0197639
20 1800 16.8663 0.00329582 -13.8234 0.000444947
220 1800 8.20814 0.00122696 -10.5378 0.00336263
240 1800 7.94056 0.00629206 -10.5594 0.0408452
260 1800 7.73614 0.000715383 -10.4806 0.0161211
30 1800 15.0734 0.00164871 -13.6377 0.000451203
40 1800 13.8909 0.000971785 -13.4435 0.000356843
50 1800 12.9713 0.00132599 -13.2444 0.000420287
60 1800 12.2349 0.00194867 -13.0438 0.000622322
80 1800 11.1524 0.00110735 -12.667 0.000662365
10 1825 20.8297 0.00730662 -14.0067 0.000691207
15 1825 18.3593 0.00507309 -13.9092 0.000608147
20 1825 16.8899 0.00344336 -13.8152 0.000359671
30 1825 15.0958 0.00134243 -13.6295 0.000385561
40 1825 13.9016 0.000821479 -13.4356 0.000416496
50 1825 12.9852 0.00145936 -13.236 0.000506585
60 1825 12.2489 0.00151356 -13.0358 0.000542071
70 1825 11.645 0.00113183 -12.8427 0.000674401
10 1875 20.926 0.00630953 -13.9917 0.0005404
15 1875 18.4198 0.00546213 -13.8924 0.000492193
20 1875 16.9435 0.00369047 -13.7984 0.000454165
30 1875 15.1233 0.00167873 -13.6117 0.000303497
40 1875 13.9323 0.00129245 -13.4186 0.000377745
50 1875 13.0097 0.000771656 -13.2177 0.000562564
60 1875 12.2687 0.000871967 -13.018 0.000477633
70 1875 11.6663 0.00135526 -12.825 0.000605471
10 1900 20.9803 0.00621897 -13.9842 0.000602775
15 1900 18.4614 0.0051419 -13.8861 0.000592018
20 1900 16.9653 0.00325072 -13.7902 0.000679839
30 1900 15.1413 0.00258388 -13.603 0.000408682
40 1900 13.9425 0.000117468 -13.4087 0.000428883
50 1900 13.0202 0.00142304 -13.2098 0.000451494
60 1900 12.277 0.00136678 -13.0094 0.000409027
70 1900 11.6789 0.00160074 -12.816 0.000518713
10 1950 21.0669 0.00730766 -13.9685 0.000760921
15 1950 18.5321 0.00739142 -13.8715 0.000652884
20 1950 17.0169 0.00470253 -13.774 0.000717802
30 1950 15.1791 0.00148471 -13.586 0.000484902
40 1950 13.9659 0.000985784 -13.3912 0.000414263
50 1950 13.0429 0.00101415 -13.1905 0.000476961
60 1950 12.2981 0.00130228 -12.9909 0.000498182
70 1950 11.6968 0.00121716 -12.7989 0.000554673
100 2000 10.4556 0.00123715 -12.2517 0.000788117
10 2000 21.176 0.00738749 -13.955 0.000815693
125 2000 9.74983 0.0023448 -11.8513 0.00103015
150 2000 9.1135 0.00353227 -11.6291 0.0142067
15 2000 18.5906 0.00566149 -13.8542 0.000676395
175 2000 8.67987 0.00551708 -11.267 0.0212422
200 2000 8.3765 0.00469047 -11.1421 0.0216381
20 2000 17.0585 0.00452478 -13.7569 0.000567609
30 2000 15.2075 0.00156847 -13.5676 0.000596232
40 2000 13.9901 0.00085781 -13.3729 0.00055653
50 2000 13.0686 0.00114891 -13.1733 0.000271141
60 2000 12.3243 0.000575736 -12.9744 0.000558253
70 2000 11.7156 0.00144692 -12.7807 0.000513863
80 2000 11.2209 0.00112356 -12.5961 0.000661123
10 2025 21.1988 0.00363274 -13.9464 0.000555835
15 2025 18.6119 0.00728407 -13.8457 0.000661709
20 2025 17.0837 0.00457074 -13.75 0.000511127
30 2025 15.2188 0.00230836 -13.5585 0.000389378
40 2025 14.0059 0.000727854 -13.3639 0.000156707
50 2025 13.0815 0.000855911 -13.165 0.000381489
60 2025 12.3357 0.00124021 -12.9663 0.00042493
70 2025 11.7267 0.000996155 -12.7719 0.000408612
10 2075 21.2921 0.00770054 -13.9325 0.000619029
15 2075 18.6829 0.00539391 -13.8302 0.000568682
20 2075 17.1271 0.00370928 -13.7333 0.000568195
30 2075 15.246 0.00261505 -13.5414 0.000219773
40 2075 14.0284 0.0017668 -13.3467 0.000507729
50 2075 13.0982 0.000822297 -13.1469 0.000407071
60 2075 12.3567 0.00103381 -12.9484 0.000511935
70 2075 11.7438 0.00123436 -12.7559 0.000566351
10 2100 21.3479 0.00508767 -13.9251 0.00071515
15 2100 18.7157 0.00617233 -13.824 0.000708417
20 2100 17.1566 0.00492622 -13.7246 0.00057311
30 2100 15.2627 0.00234143 -13.5335 0.000601016
40 2100 14.0438 0.000492344 -13.3374 0.000502813
50 2100 13.1095 0.00167366 -13.1374 0.000320031
60 2100 12.3645 0.00100093 -12.9391 0.000479946
70 2100 11.7529 0.00177647 -12.7469 0.000612468
10 2125 21.3904 0.0067202 -13.918 0.000838662
15 2125 18.7406 0.00559756 -13.8148 0.000746825
20 2125 17.1759 0.00430062 -13.7165 0.000661309
30 2125 15.2831 0.00133132 -13.524 0.000465041
40 2125 14.049 0.00193226 -13.3293 0.000446749
50 2125 13.1229 0.000754345 -13.1298 0.000284117
60 2125 12.3775 0.00131224 -12.9314 0.000413477
70 2125 11.7668 0.000916233 -12.7371 0.000252805
80 2125 11.2659 0.000971294 -12.5531 0.000591329
10 2175 21.5025 0.00346425 -13.9051 0.000523073
15 2175 18.8136 0.00612118 -13.799 0.00055055
20 2175 17.2306 0.00513608 -13.7006 0.000537982
30 2175 15.3083 0.00287138 -13.5069 0.000458389
40 2175 14.0783 0.00156634 -13.3118 0.000447343
50 2175 13.1445 0.0015513 -13.1121 0.00028246
60 2175 12.4001 0.000621027 -12.914 0.000274955
70 2175 11.7897 0.00106832 -12.7206 0.000429183
80 2175 11.2845 0.00127634 -12.5357 0.000674124
100 2200 10.5168 0.00092583 -12.1811 0.000798249
10 2200 21.5469 0.00358614 -13.8974 0.000645932
120 2200 9.93997 0.000822862 -11.8546 0.000650513
140 2200 9.36237 0.0037205 -11.5593 0.000692334
15 2200 18.8339 0.00515921 -13.791 0.000728155
160 2200 9.078 0.00493095 -11.2644 0.00670943
180 2200 8.69026 0.00906444 -11.1689 0.0315202
20 2200 17.2477 0.00483406 -13.6923 0.00059706
220 2200 8.18607 0.00528985 -10.6096 0.0291397
240 2200 8.02799 0.000635587 -10.0803 0.000594583
260 2200 7.77491 0.00121151 -10.2509 0.0244845
30 2200 15.3246 0.00232501 -13.4979 0.000550933
40 2200 14.0863 0.00120885 -13.3026 0.000447306
50 2200 13.1567 0.000937565 -13.1027 0.000378198
60 2200 12.4084 0.00045143 -12.9049 0.000504595
70 2200 11.7927 0.00128587 -12.712 0.00041342
80 2200 11.2933 0.000611843 -12.5277 0.000556337
100 2250 10.534 0.00105332 -12.1625 0.000802139
105 2250 10.3717 0.00109195 -12.0807 0.00085303
10 2250 21.6196 0.00652559 -13.8805 0.000574216
115 2250 10.0762 0.00140785 -11.9209 0.000901857
125 2250 9.82458 0.000971294 -11.7589 0.000766518
135 2250 9.5737 0.00517008 -11.6174 0.00417043
150 2250 9.17214 0.00196243 -11.4276 0.00286441
15 2250 18.8939 0.0057542 -13.7757 0.000795015
175 2250 8.75057 0.00655713 -11.2615 0.0210312
200 2250 8.41602 0.00248533 -10.8938 0.0198709
20 2250 17.2952 0.00543919 -13.6754 0.000705978
25 2250 16.1866 0.00393298 -13.5787 0.000548299
30 2250 15.3557 0.0026615 -13.4816 0.000563078
35 2250 14.6845 0.00195926 -13.3842 0.000456168
40 2250 14.1125 0.000897442 -13.2856 0.000380287
45 2250 13.6128 0.00168289 -13.185 0.000331817
50 2250 13.1751 0.00135452 -13.0862 0.000436672
55 2250 12.7822 0.000610916 -12.9863 0.000405924
60 2250 12.427 0.00160833 -12.8871 0.000246804
65 2250 12.1024 0.000986346 -12.7903 0.000428504
70 2250 11.8156 0.000913298 -12.6938 0.000331333
75 2250 11.5495 0.0019696 -12.6024 0.000574063
80 2250 11.1699 0.00551061 -12.5477 0.00156253
85 2250 11.0903 0.000903752 -12.4213 0.00063191
95 2250 10.7038 0.00106417 -12.2482 0.000696389
10 2275 21.6575 0.0051388 -13.8723 0.000586768
15 2275 18.9225 0.00596951 -13.7688 0.000552168
20 2275 17.3225 0.00546665 -13.6686 0.000558238
30 2275 15.3695 0.00273883 -13.4732 0.000562826
40 2275 14.1203 0.00102859 -13.2765 0.000493548
50 2275 13.1881 0.000603137 -13.0775 0.000245055
60 2275 12.4393 0.00163257 -12.8786 0.000383512
70 2275 11.8219 0.00102708 -12.6869 0.000343012
80 2275 11.3197 0.00100076 -12.5012 0.000673121
10 2325 21.7591 0.00531664 -13.8589 0.000744108
15 2325 18.9829 0.00529224 -13.7519 0.00072832
20 2325 17.3639 0.00499586 -13.6513 0.000878785
30 2325 15.3986 0.00271086 -13.4547 0.000649836
40 2325 14.1487 0.00155277 -13.2589 0.000246562
50 2325 13.2099 0.0015255 -13.06 0.000588305
60 2325 12.4562 0.000701466 -12.8621 0.000431243
70 2325 11.8438 0.000575522 -12.6694 0.000335556
80 2325 11.3335 0.00117443 -12.4854 0.000471649
10 2375 21.8515 0.00645606 -13.8418 0.000762976
15 2375 19.0433 0.00549686 -13.7354 0.00060923
20 2375 17.4006 0.00616042 -13.6334 0.000705785
30 2375 15.4296 0.0032487 -13.4388 0.000684034
40 2375 14.1704 0.00122121 -13.2422 0.000479424
50 2375 13.2273 0.00152987 -13.042 0.00032181
60 2375 12.4757 0.00102923 -12.845 0.000387725
70 2375 11.8621 0.00150306 -12.6518 0.000356256
80 2375 11.3543 0.000574039 -12.4679 0.000106551
100 2400 10.5749 0.00106168 -12.114 0.00076532
10 2400 21.9036 0.00732707 -13.8378 0.000695388
120 2400 9.98393 0.00102002 -11.7896 0.000934419
140 2400 9.41582 0.00307658 -11.5324 0.00179797
15 2400 19.0817 0.00499013 -13.7289 0.00073155
160 2400 9.03547 0.00498948 -11.2804 0.00840822
180 2400 8.77079 0.00769073 -10.9208 0.0093269
20 2400 17.4219 0.00534027 -13.6255 0.000757967
220 2400 8.18781 0.00138288 -10.3505 0.000962265
240 2400 7.98829 0.00898006 -10.064 0.00730885
260 2400 7.77224 0.00336328 -9.78682 0.00264096
30 2400 15.4451 0.00303316 -13.4292 0.000767427
40 2400 14.1802 0.00224773 -13.2336 0.000412293
50 2400 13.2397 0.000819408 -13.0334 0.000311134
60 2400 12.4859 0.00130999 -12.8366 0.000501937
70 2400 11.8719 0.000524073 -12.6428 0.000411667
80 2400 11.3618 0.000344784 -12.4594 0.000545773
10 2450 21.97 0.00742133 -13.8203 0.000683651
15 2450 19.1431 0.00542624 -13.7131 0.000790801
20 2450 17.4711 0.0054221 -13.6086 0.000569443
30 2450 15.4762 0.00357187 -13.4115 0.000613686
40 2450 14.2054 0.00200835 -13.2141 0.000671589
50 2450 13.258 0.00132378 -13.0158 0.000419013
60 2450 12.5045 0.000802961 -12.8181 0.000339562
70 2450 11.8917 0.0010219 -12.6264 0.000242628
80 2450 11.3775 0.000408545 -12.4432 0.000485637
100 2500 10.6018 0.000890528 -12.0808 0.000585212
10 2500 22.0719 0.00585862 -13.8071 0.000848607
150 2500 9.3346 0.00113939 -11.2951 0.000834046
15 2500 19.1951 0.00710106 -13.6968 0.00076642
200 2500 8.45482 0.00921775 -10.6011 0.00399935
20 2500 17.5155 0.00498656 -13.5929 0.000864211
250 2500 7.86183 0.00266065 -9.90341 0.0011568
300 2500 7.40568 0.000448772 -9.21623 0.000225486
30 2500 15.5002 0.00341805 -13.3943 0.000751287
400 2500 6.74482 0.00253624 -7.81813 0.00869979
40 2500 14.2333 0.00248208 -13.1975 0.000704721
50 2500 13.2781 0.00135628 -12.9987 0.000604001
60 2500 12.5257 0.0010019 -12.8012 0.000360557
70 2500 11.906 0.000836232 -12.6107 0.000236903
80 2500 11.3954 0.000364311 -12.4256 0.000264861
100 250 9.99833 0.00120604 -12.868 0.00118673
10 250 17.15 0.00499868 -14.5578 0.000382304
110 250 9.7087 0.0019004 -12.6616 0.00116159
125 250 9.42536 0.00372209 -12.4298 0.00127394
15 250 16.0176 0.00317838 -14.4812 0.000717577
20 250 15.2591 0.00711663 -14.4086 0.000692232
30 250 14.0525 0.00380142 -14.2403 0.00108123
40 250 13.1156 0.00520113 -14.041 0.000758646
50 250 12.2893 0.00325033 -13.8336 0.000546061
5 250 19.5075 0.0161941 -14.6387 0.000396505
60 250 11.6062 0.00345586 -13.6157 0.000829519
70 250 11.1271 0.00295621 -13.4002 0.00114696
80 250 10.6407 0.00518389 -13.2122 0.00132676
90 250 10.3375 0.00269482 -13.0329 0.000491173
10 2525 22.0999 0.00771683 -13.7995 0.00086653
15 2525 19.227 0.00544056 -13.6895 0.000747044
20 2525 17.5416 0.00595492 -13.583 0.000747257
30 2525 15.5141 0.00354828 -13.3851 0.000689102
40 2525 14.2358 0.00204895 -13.1885 0.000677623
50 2525 13.2933 0.000678343 -12.9911 0.000393572
60 2525 12.5324 0.00106537 -12.7932 0.000432704
70 2525 11.9177 0.000675047 -12.6017 0.000215729
80 2525 11.4039 0.00036255 -12.4178 0.000456684
105 2550 10.4518 0.000884023 -11.982 0.000787283
115 2550 10.1534 0.000988772 -11.8205 0.000949364
125 2550 9.89445 0.0011064 -11.6611 0.000948426
135 2550 9.56822 0.00442263 -11.5681 0.00406289
25 2550 16.3985 0.00472318 -13.4763 0.000752157
35 2550 14.8326 0.00269465 -13.2778 0.000655204
45 2550 13.7459 0.00197122 -13.0811 0.000572384
55 2550 12.9 0.000945708 -12.8828 0.000184878
65 2550 12.2209 0.000929571 -12.6885 0.000809468
75 2550 11.6567 0.00094399 -12.5014 0.000393664
85 2550 11.1899 0.000641428 -12.3204 0.000460139
95 2550 10.7917 0.00116858 -12.1492 0.000766999
10 2575 22.172 0.00294676 -13.7824 0.00100875
15 2575 19.2804 0.00556568 -13.6719 0.00059983
20 2575 17.5733 0.00452701 -13.5675 0.000653595
30 2575 15.5389 0.00412405 -13.3679 0.000706549
40 2575 14.2637 0.00202524 -13.1717 0.000488889
50 2575 13.3139 0.0016161 -12.973 0.000483061
60 2575 12.5506 0.00052371 -12.7773 0.000557628
70 2575 11.9358 0.000596377 -12.5846 0.000926991
80 2575 11.4208 0.000476992 -12.4007 0.000223616
100 2600 10.6295 0.000812 -12.0477 0.000788558
10 2600 22.236 0.00588595 -13.7755 0.00088265
120 2600 10.0316 0.00103624 -11.7224 0.000808944
140 2600 9.42206 0.00162377 -11.4489 0.000819502
160 2600 9.07967 0.00341552 -11.1657 0.00265347
180 2600 8.81678 0.00555593 -10.8288 0.00269461
20 2600 17.6005 0.00548884 -13.5599 0.00095371
220 2600 8.20966 0.00279631 -10.2952 0.00247985
240 2600 8.06927 0.00111379 -9.9505 0.00139927
260 2600 7.80155 0.00127798 -9.72365 0.000899894
30 2600 15.5606 0.00362955 -13.3598 0.000726448
40 2600 14.2735 0.00195808 -13.1627 0.00074769
50 2600 13.3158 0.00122161 -12.9639 0.000388038
60 2600 12.5615 0.000984672 -12.766 0.000493426
80 2600 11.4279 0.00065193 -12.392 0.000972063
10 2625 22.2771 0.00251301 -13.77 0.000932469
15 2625 19.3382 0.00602464 -13.6567 0.000863273
20 2625 17.6209 0.00533663 -13.5515 0.000795165
30 2625 15.5695 0.00346034 -13.3511 0.000663283
40 2625 14.2798 0.00258742 -13.153 0.000692219
50 2625 13.3282 0.00157778 -12.955 0.000447696
60 2625 12.5722 0.00179292 -12.7594 0.000228411
70 2625 11.9526 0.000303362 -12.569 0.000182675
80 2625 11.4351 0.00143378 -12.3852 0.000639662
10 2650 22.3024 0.0112014 -13.7598 0.000846225
15 2650 19.3663 0.00482615 -13.6492 0.000906814
20 2650 17.6477 0.00595743 -13.5427 0.000910327
30 2650 15.5888 0.00323036 -13.3412 0.000834957
40 2650 14.2986 0.00228162 -13.1446 0.000518291
50 2650 13.3393 0.00196941 -12.9463 0.000366301
60 2650 12.5778 0.000759234 -12.7507 0.000864005
70 2650 11.9608 0.000413161 -12.5606 0.000294758
80 2650 11.4443 0.000581359 -12.3765 0.000574483
10 2700 22.3925 0.00695059 -13.7443 0.000659041
15 2700 19.4279 0.00612725 -13.6326 0.000763323
20 2700 17.6854 0.00518692 -13.5258 0.00078443
30 2700 15.6149 0.00366846 -13.3253 0.000876873
40 2700 14.3188 0.00213307 -13.1264 0.000602445
50 2700 13.3614 0.0019555 -12.9297 0.0004081
60 2700 12.602 0.000504917 -12.733 0.000335464
70 2700 11.9804 0.00148654 -12.5441 0.000333191
80 2700 11.4639 0.00164249 -12.3594 0.000258811
105 2750 10.5075 0.00057358 -11.914 0.000656402
10 2750 22.4665 0.00608934 -13.7305 0.00107357
115 2750 10.2061 0.000783596 -11.7528 0.00085147
125 2750 9.93972 0.000663241 -11.5959 0.000923321
135 2750 9.58533 0.00531208 -11.4911 0.00231449
15 2750 19.4724 0.00615637 -13.6167 0.00113541
20 2750 17.7344 0.00569764 -13.5096 0.00087006
25 2750 16.5362 0.00501791 -13.4072 0.000754468
30 2750 15.6447 0.00382188 -13.3077 0.000740377
35 2750 14.9315 0.00321944 -13.2081 0.000887133
40 2750 14.3348 0.00226334 -13.1084 0.00072335
45 2750 13.8257 0.00239338 -13.0087 0.000557592
50 2750 13.3778 0.0015778 -12.9122 0.000577188
55 2750 12.9785 0.000883948 -12.8143 0.000211159
60 2750 12.6213 0.00164644 -12.7158 0.000463568
65 2750 12.2933 0.00119421 -12.621 0.000245254
70 2750 11.9977 0.000677859 -12.5254 0.00021165
75 2750 11.7257 0.000305965 -12.4341 0.000226919
80 2750 11.4821 0.000775235 -12.3428 0.000177059
85 2750 11.2553 0.00148836 -12.2542 0.000356209
95 2750 10.853 0.00065918 -12.0818 0.000683166
100 2800 10.6857 0.00026321 -11.9815 0.000395897
10 2800 22.5565 0.0121617 -13.7159 0.00123856
120 2800 10.0807 0.000577155 -11.6595 0.000788982
140 2800 9.6008 0.00108556 -11.3498 0.00111234
15 2800 19.5408 0.00564322 -13.5995 0.000873839
160 2800 9.10224 0.00420067 -11.1012 0.00207766
180 2800 8.79767 0.00683041 -10.8001 0.00445837
20 2800 17.7767 0.00539895 -13.493 0.000960751
220 2800 8.19884 0.000446069 -10.2393 0.0005921
260 2800 7.82409 0.00481896 -9.65716 0.00463609
30 2800 15.6701 0.00459621 -13.2893 0.000836248
40 2800 14.3607 0.00322492 -13.092 0.000729017
50 2800 13.3972 0.00195321 -12.8945 0.000592496
60 2800 12.6364 0.000644391 -12.6983 0.00049222
70 2800 12.0147 0.000731324 -12.5099 0.000546957
80 2800 11.4959 0.000941398 -12.3266 0.000500919
100 2875 10.7067 0.000996253 -11.958 0.000537777
10 2875 22.693 0.00450777 -13.692 0.00109363
110 2875 10.2848 0.00788015 -11.8465 0.00418285
120 2875 9.98677 0.00495199 -11.6992 0.00318084
125 2875 9.96783 0.000593393 -11.5562 0.000941967
140 2875 9.62055 0.00123486 -11.3238 0.00113317
150 2875 9.27219 0.00147318 -11.2277 0.000842831
15 2875 19.6178 0.00530016 -13.5751 0.000920566
160 2875 9.12004 0.00607142 -11.1006 0.00505663
175 2875 8.84265 0.001649 -10.8586 0.00103559
20 2875 17.8328 0.00485919 -13.4672 0.000869737
30 2875 15.7056 0.00357004 -13.2639 0.000814909
40 2875 14.3916 0.00279132 -13.0659 0.00072711
50 2875 13.4305 0.00210292 -12.8711 0.000714325
60 2875 12.6647 0.0018011 -12.6733 0.00061503
70 2875 12.0376 0.00113932 -12.4849 0.000251277
80 2875 11.5168 0.00055962 -12.3014 3.89682e-05
90 2875 11.0832 0.000299085 -12.1261 0.000376259
100 2925 10.7213 0.00119883 -11.9426 0.000456508
10 2925 22.7419 0.0119099 -13.6755 0.00120249
110 2925 10.3949 0.000574013 -11.778 0.000611955
120 2925 10.1109 0.000904733 -11.6172 0.000671414
125 2925 9.98034 0.000972244 -11.5406 0.000871279
140 2925 9.62492 0.00106146 -11.3112 0.00104486
150 2925 9.42096 0.00101655 -11.16 0.000989192
15 2925 19.6667 0.00315031 -13.5582 0.000987003
160 2925 9.10347 0.00126338 -11.0565 0.000991575
175 2925 8.87 0.00232965 -10.8397 0.00108762
20 2925 17.8744 0.00556707 -13.4496 0.000949987
30 2925 15.7428 0.00454506 -13.2471 0.00102685
40 2925 14.4177 0.00247332 -13.0491 0.000660136
50 2925 13.4466 0.00177783 -12.8501 0.000620482
60 2925 12.6849 0.0011238 -12.6567 0.000519601
70 2925 12.057 0.000318512 -12.4673 0.000577548
80 2925 11.5378 0.0006525 -12.2867 0.000499228
90 2925 11.0978 0.00100786 -12.1094 0.00034002
105 2950 10.5608 0.000997809 -11.8506 0.000600961
115 2950 10.2562 0.000794384 -11.6897 0.000786852
125 2950 9.98613 0.000622945 -11.5334 0.000796153
135 2950 9.62248 0.00418199 -11.4403 0.00178661
25 2950 16.6713 0.00422135 -13.3371 0.000866928
35 2950 15.0252 0.00352736 -13.14 0.000897329
45 2950 13.9068 0.00241 -12.9412 0.000658197
55 2950 13.0505 0.00175625 -12.7453 0.00076316
65 2950 12.361 0.0015175 -12.5533 0.000692267
75 2950 11.7947 0.00117879 -12.3682 0.000575523
85 2950 11.3142 0.000763999 -12.1886 0.000393215
95 2950 10.909 0.00126459 -12.016 0.000509915
100 3000 10.7441 0.00140299 -11.9171 0.000679423
10 3000 22.8619 0.00393673 -13.6516 0.00102095
110 3000 10.4172 0.000824883 -11.7521 0.000608126
120 3000 10.1281 0.000767661 -11.5949 0.00072185
125 3000 9.99769 0.000801566 -11.5172 0.000701057
140 3000 9.64382 0.000883936 -11.287 0.000887522
150 3000 9.43337 0.000819229 -11.1365 0.00103439
160 3000 9.245 0.00075711 -10.9871 0.00103203
175 3000 8.98381 0.00110224 -10.7685 0.00110215
200 3000 8.60134 0.00162365 -10.4113 0.00153833
20 3000 17.9354 0.00417693 -13.4236 0.00104237
250 3000 7.93261 0.0051427 -9.75153 0.0043916
300 3000 7.47768 0.0038753 -9.04991 0.00621195
30 3000 15.7814 0.00395444 -13.2206 0.00107391
40 3000 14.4513 0.00281859 -13.022 0.000640614
50 3000 13.4717 0.00188762 -12.8244 0.000610757
60 3000 12.7072 0.00127193 -12.6328 0.000609011
70 3000 12.0821 0.000868033 -12.4414 0.000428088
80 3000 11.5617 0.00148308 -12.2597 0.000188626
90 3000 11.1204 0.000512896 -12.0863 0.000495959
100 300 10.0276 0.00214913 -12.8329 0.00144425
10 300 17.1714 0.00620325 -14.5376 0.000843905
110 300 9.76194 0.00260356 -12.6795 0.000568585
125 300 9.40248 0.00192361 -12.4223 0.00120291
15 300 16.0753 0.00800429 -14.4662 0.000516651
20 300 15.2337 0.00300609 -14.3879 0.000719272
30 300 14.1165 0.0047918 -14.2224 0.000712135
40 300 13.112 0.00414575 -14.0246 0.000895633
50 300 12.3088 0.00808558 -13.8083 0.000563434
5 300 19.6222 0.0136701 -14.6168 0.000966699
60 300 11.6192 0.00562712 -13.5973 0.000521796
70 300 11.1223 0.00447179 -13.389 0.0010408
80 300 10.6941 0.00303875 -13.1999 0.00133789
90 300 10.3247 0.00281013 -13.0169 0.00161719
100 3050 10.7572 0.00100913 -11.9018 0.000596763
110 3050 10.4312 0.00107498 -11.7378 0.00068844
120 3050 10.1416 0.000887243 -11.5786 0.000855806
125 3050 10.0097 0.000836919 -11.5004 0.000803437
140 3050 9.65433 0.000751423 -11.2697 0.000926181
150 3050 9.4473 0.000966051 -11.1194 0.00112287
15 3050 19.8144 0.00778136 -13.5178 0.00124175
160 3050 9.25456 0.0011413 -10.9724 0.00109241
175 3050 8.84498 0.00072085 -10.8171 0.000943128
20 3050 17.9724 0.00478089 -13.4068 0.000792317
30 3050 15.8072 0.00455885 -13.2021 0.00070524
90 3050 11.1358 0.000958213 -12.0694 0.000413146
100 3125 10.7808 0.00173336 -11.8766 0.000465611
10 3125 23.0599 0.00644493 -13.6103 0.0011497
110 3125 10.4485 0.000451253 -11.7146 0.00042706
120 3125 10.1575 0.000803668 -11.5564 0.000794208
125 3125 10.0277 0.000472869 -11.4766 0.000662621
140 3125 9.66843 0.00087371 -11.2473 0.00104364
150 3125 9.46 0.000743221 -11.0972 0.000897752
15 3125 19.8717 0.00640371 -13.4908 0.000954783
160 3125 9.26788 0.00108797 -10.9496 0.00112576
175 3125 9.00475 0.00111012 -10.7311 0.00112677
20 3125 18.0368 0.00537744 -13.3787 0.000971289
30 3125 15.8467 0.00492855 -13.1758 0.000971597
80 3125 11.6013 0.000475509 -12.2204 0.000661041
90 3125 11.1587 0.00124688 -12.0447 0.000367389
105 3150 10.6157 0.00142122 -11.7858 0.000464778
115 3150 10.3054 0.0011402 -11.6264 0.000672947
125 3150 10.0341 0.000514222 -11.467 0.000623312
135 3150 9.78867 0.00105882 -11.3145 0.00140114
25 3150 16.7973 0.00563863 -13.2669 0.00109696
35 3150 15.1264 0.00419794 -13.0682 0.00102325
45 3150 13.99 0.00284178 -12.8718 0.000622759
55 3150 13.1292 0.00210884 -12.6768 0.000848686
65 3150 12.432 0.00189131 -12.4867 0.000714836
75 3150 11.8593 0.00131552 -12.3007 0.000683978
85 3150 11.3792 0.00147265 -12.1225 0.000772308
95 3150 10.9682 0.000979656 -11.9517 0.000241037
100 3200 10.7985 0.000872731 -11.8529 0.000546797
10 3200 23.1913 0.0141609 -13.5878 0.00121503
120 3200 10.1777 0.000629774 -11.5318 0.000667778
140 3200 9.58046 0.00293738 -11.2901 0.00234539
160 3200 9.28163 0.000737451 -10.9252 0.00104867
180 3200 8.94037 0.000904998 -10.6306 0.0014298
20 3200 18.0985 0.00528155 -13.3558 0.000978073
220 3200 8.37001 0.0017007 -10.0628 0.0015537
260 3200 7.88434 0.0058069 -9.5294 0.00681692
30 3200 15.8934 0.00463221 -13.1491 0.00090538
40 3200 14.5295 0.00336601 -12.9513 0.000875305
50 3200 13.5462 0.00254111 -12.7557 0.000877343
60 3200 12.7809 0.00126028 -12.5628 0.000273861
80 3200 11.6236 0.00103322 -12.1952 0.000655774
110 3225 10.4741 0.00161384 -11.6826 0.000571161
120 3225 10.1859 0.00074486 -11.5219 0.000517153
80 3225 11.6334 0.000607898 -12.1854 0.00110337
90 3225 11.1877 0.000400036 -12.0123 0.000357668
100 3250 10.8139 0.00147943 -11.8361 0.00106305
105 3250 10.6415 0.00183109 -11.7541 0.000393453
10 3250 23.2544 0.00679858 -13.5699 0.00107555
110 3250 10.4806 0.00160353 -11.6734 0.000427956
115 3250 10.3307 0.000246276 -11.593 0.000451821
120 3250 10.1908 0.00104753 -11.5155 0.000607334
125 3250 10.0564 0.0009222 -11.4368 0.000555249
135 3250 9.80887 0.000671352 -11.2841 0.000574129
150 3250 9.48501 0.000794289 -11.0587 0.000847811
15 3250 20.0086 0.00306994 -13.446 0.00101573
160 3250 9.29158 0.000883737 -10.91 0.00108723
175 3250 9.02755 0.000946817 -10.6909 0.00104086
20 3250 18.1364 0.00497806 -13.3365 0.00130057
25 3250 16.865 0.0046066 -13.2322 0.000893828
35 3250 15.1711 0.00406268 -13.0316 0.000883363
45 3250 14.0275 0.00368221 -12.8361 0.000978993
55 3250 13.1622 0.00227515 -12.6414 0.00080735
65 3250 12.4684 0.00156398 -12.4527 0.000669713
75 3250 11.8924 0.000962049 -12.2674 0.000643332
85 3250 11.4099 0.000465165 -12.0906 0.00067451
90 3250 11.1954 0.000979295 -12.0047 0.000245648
95 3250 10.9974 0.00142727 -11.9191 0.000619639
110 3325 10.5005 0.000995047 -11.6498 0.000566464
120 3325 10.2097 0.00127234 -11.4917 0.000741024
80 3325 11.6624 0.000846388 -12.1534 0.000466714
90 3325 11.2195 0.000935684 -11.9785 0.00036407
105 3350 10.6674 0.000980248 -11.7244 0.000349469
125 3350 10.0787 0.000499776 -11.4073 0.000420703
135 3350 9.83224 0.000311266 -11.2531 0.000673525
25 3350 16.9229 0.00393316 -13.1942 0.00102463
35 3350 15.2249 0.00374734 -12.9944 0.000830894
45 3350 14.0675 0.00328412 -12.7987 0.000787965
55 3350 13.198 0.00209996 -12.6063 0.000705238
65 3350 12.4969 0.00206789 -12.4179 0.000877264
75 3350 11.9229 0.0015629 -12.2352 0.000616416
85 3350 11.4395 0.00188702 -12.0574 0.0006175
95 3350 11.0247 3.81841e-05 -11.8872 0.00113755
100 3375 10.8468 0.00121522 -11.7963 0.00064065
110 3375 10.5125 0.000937717 -11.6343 0.000562622
120 3375 10.2193 0.0015431 -11.4769 0.000356429
125 3375 10.0844 0.000343849 -11.3981 0.000663284
140 3375 9.72481 0.000478209 -11.168 0.000856229
150 3375 9.5081 0.000947859 -11.019 0.00105764
160 3375 9.31597 0.000668211 -10.87 0.00108936
175 3375 9.05125 0.00076266 -10.6523 0.00112247
90 3375 11.2314 0.000139632 -11.9638 0.00112164
100 3400 10.8534 0.000738841 -11.789 0.000495131
10 3400 23.4845 0.0137985 -13.5208 0.0013963
120 3400 10.2242 0.00137792 -11.4698 0.000154127
140 3400 9.73028 0.000653295 -11.1607 0.000831653
160 3400 9.32057 0.000847433 -10.8631 0.00106955
180 3400 8.97367 0.000873546 -10.5715 0.00099843
20 3400 18.2606 0.00558628 -13.2839 0.00133375
220 3400 8.33812 0.0069995 -10.0558 0.00616399
240 3400 8.08632 0.00754102 -9.78575 0.00726645
260 3400 7.87935 0.00371195 -9.50399 0.00429932
30 3400 16.0095 0.00486813 -13.0784 0.00113209
40 3400 14.6211 0.00327693 -12.8787 0.00113386
50 3400 13.6231 0.00250123 -12.6862 0.000992877
60 3400 12.8475 0.00205875 -12.4945 0.000790411
80 3400 11.6885 0.000613448 -12.128 0.000756967
110 3425 10.5245 0.00104434 -11.6176 0.000487012
120 3425 10.2321 0.000437549 -11.4588 0.000602847
80 3425 11.6956 0.000472389 -12.1216 0.000421586
90 3425 11.248 0.000369992 -11.947 0.000514681
100 3500 10.8826 0.000914683 -11.7555 0.00118257
10 3500 23.6258 0.0042534 -13.4837 0.00195006
110 3500 10.5458 0.00037058 -11.593 0.000428381
120 3500 10.2475 0.000764445 -11.4383 0.000678686
125 3500 10.1145 0.000223826 -11.3573 0.000401853
140 3500 9.7492 0.00100641 -11.1292 0.000497387
150 3500 9.41911 0.00542417 -11.0743 0.00538298
160 3500 9.33838 0.000343535 -10.8339 0.000695402
175 3500 9.07141 0.000746578 -10.6148 0.00104452
200 3500 8.63966 0.00760392 -10.295 0.00710218
20 3500 18.3384 0.00539866 -13.2491 0.00153051
250 3500 7.9635 0.0018018 -9.65305 0.00189305
300 3500 7.50284 0.00049605 -8.96009 0.00104571
30 3500 16.0611 0.00478606 -13.0419 0.00113353
400 3500 6.82128 0.0034496 -7.54143 0.0136539
40 3500 14.6643 0.00337787 -12.8441 0.00111187
50 3500 13.6644 0.00317259 -12.65 0.000918732
60 3500 12.8829 0.00219812 -12.4607 0.00140345
80 3500 11.7181 0.00202042 -12.0954 0.000728465
90 3500 11.2679 0.000536932 -11.9235 0.000653348
100 350 10.0072 0.00401258 -12.8402 0.00142309
10 350 17.2768 0.011454 -14.5209 0.000680703
110 350 9.74162 0.00398722 -12.6464 0.00184979
125 350 9.38104 0.00601799 -12.4317 0.00388458
15 350 16.1143 0.00746443 -14.4468 0.000599078
20 350 15.3028 0.00524891 -14.3737 0.000817829
30 350 14.0937 0.00575079 -14.2093 0.000486132
40 350 13.1474 0.00873136 -14.009 0.000880529
50 350 12.2361 0.00628187 -13.7944 0.000871986
5 350 19.8334 0.0105552 -14.5965 0.000519961
60 350 11.6503 0.00535442 -13.5819 0.00147528
70 350 11.1018 0.00277192 -13.379 0.000872992
80 350 10.6775 0.00601468 -13.1859 0.00175203
90 350 10.3059 0.0023888 -13.0027 0.00149217
110 3525 10.552 0.000917868 -11.5857 0.000290976
120 3525 10.2559 0.00112221 -11.4283 0.000175609
80 3525 11.7264 0.00072817 -12.0878 0.000394223
90 3525 11.2773 0.000880312 -11.9155 0.000804034
115 3550 10.4051 0.00172797 -11.4995 0.000265004
125 3550 10.1257 0.000364261 -11.3427 0.000658113
135 3550 9.87591 0.000217397 -11.1903 0.000813698
25 3550 17.0528 0.00543307 -13.1208 0.00112711
35 3550 15.3155 0.0040149 -12.9223 0.00134852
45 3550 14.1441 0.00332358 -12.7282 0.000970309
55 3550 13.2706 0.00290976 -12.5359 0.0012206
65 3550 12.5652 0.00217499 -12.35 0.000774933
75 3550 11.9885 0.00165671 -12.1666 0.000838787
85 3550 11.4982 0.00110204 -11.995 0.0006319
95 3550 11.0814 0.00129912 -11.8236 0.000549508
100 3600 10.9091 0.000377394 -11.7251 0.000482889
10 3600 23.7663 0.0170379 -13.4472 0.00146175
120 3600 10.2712 0.00133828 -11.4068 0.000229971
140 3600 9.77091 0.000668686 -11.0985 0.000721737
160 3600 9.3577 0.00083518 -10.8034 0.00103029
180 3600 9.0066 0.000810496 -10.5121 0.000998237
20 3600 18.4074 0.00214485 -13.2139 0.00128456
220 3600 8.43116 0.000840865 -9.9398 0.0013056
240 3600 8.17079 0.00368504 -9.67445 0.00421066
260 3600 7.97187 0.000869094 -9.36661 0.00148392
30 3600 16.1093 0.00457032 -13.0045 0.00119843
40 3600 14.7056 0.00348587 -12.8081 0.000981922
50 3600 13.6984 0.002632 -12.6127 0.00113794
60 3600 12.9151 0.00248243 -12.4249 0.00090409
80 3600 11.7476 0.00108779 -12.0637 0.000576609
100 3625 10.9164 0.000837669 -11.7168 0.000422685
110 3625 10.5776 0.00145225 -11.5549 0.000483584
120 3625 10.2811 0.00165681 -11.3951 0.0006008
125 3625 10.1448 0.00132849 -11.3192 0.000701825
140 3625 9.77747 0.00102961 -11.0905 0.000554617
150 3625 9.56096 0.000368936 -10.9411 0.000641024
160 3625 9.27533 0.00764625 -10.8616 0.00592586
175 3625 9.09484 0.000690847 -10.5753 0.00110297
80 3625 11.7554 0.00134026 -12.055 0.000635266
90 3625 11.3024 0.00129449 -11.8821 0.00120569
110 3725 10.6022 0.000911568 -11.5223 0.000557047
120 3725 10.304 0.000741288 -11.3658 0.000581437
80 3725 11.783 0.00117835 -12.0214 0.000597992
90 3725 11.3334 0.00103916 -11.8499 0.000388252
100 3750 10.9485 0.00111483 -11.6758 0.000801293
105 3750 10.7747 0.000933745 -11.5948 0.000285176
110 3750 10.6088 0.000333905 -11.5156 0.000706051
115 3750 10.457 0.00181793 -11.4348 0.000518952
120 3750 10.3106 0.000881177 -11.3561 0.000860649
125 3750 10.1739 0.00158503 -11.28 0.000333093
135 3750 9.92008 0.000148947 -11.1281 0.000626831
140 3750 9.80403 0.000220849 -11.0524 0.000583387
145 3750 9.69159 0.000672156 -10.977 0.00080995
150 3750 9.58391 0.000933263 -10.9031 0.000677013
155 3750 9.48349 0.000706424 -10.8295 0.00066569
15 3750 20.5131 0.0108335 -13.2671 0.00141985
165 3750 9.29191 0.000590557 -10.6841 0.000865206
175 3750 9.11577 0.00165398 -10.538 0.00104553
185 3750 8.95202 0.000472196 -10.3935 0.00119192
215 3750 8.51941 0.00080208 -9.96391 0.00119814
235 3750 8.26806 0.000848046 -9.68036 0.00140812
255 3750 8.04292 0.000734635 -9.39411 0.0013869
25 3750 17.1792 0.00380468 -13.0503 0.00119933
285 3750 7.73122 0.00222674 -8.98523 0.00415468
325 3750 7.36738 0.00397243 -8.46386 0.00953065
345 3750 7.20373 0.00533807 -8.21119 0.0135234
35 3750 15.4128 0.00473195 -12.848 0.0011274
385 3750 6.91843 0.001219 -7.7255 0.00374814
405 3750 6.80464 0.00101971 -7.44339 0.00398784
45 3750 14.2239 0.00407769 -12.657 0.00121653
55 3750 13.3401 0.00290904 -12.4671 0.00116163
65 3750 12.6313 0.00297244 -12.2832 0.00124346
75 3750 12.0497 0.00214276 -12.1023 0.00101119
85 3750 11.5575 0.00179026 -11.9261 0.000769459
90 3750 11.3386 0.0011461 -11.843 0.00077039
95 3750 11.1394 0.0006497 -11.7591 0.000881402
100 3800 10.9618 0.00253004 -11.6608 0.00161633
10 3800 24.0588 0.00353815 -13.3747 0.00137202
120 3800 10.3215 0.000953638 -11.3426 0.000251264
140 3800 9.81345 0.00113885 -11.0365 0.00032446
160 3800 9.39594 0.000244893 -10.7409 0.0013478
180 3800 8.90353 0.00100795 -10.5574 0.00109495
20 3800 18.5623 0.00192461 -13.1397 0.00117594
220 3800 8.45957 0.000962912 -9.87939 0.00135656
240 3800 8.21513 0.000914831 -9.59442 0.00141811
260 3800 7.99303 0.000888957 -9.31326 0.00162599
30 3800 16.2209 0.00426657 -12.9304 0.00107469
40 3800 14.7861 0.00373921 -12.7325 0.00131514
50 3800 13.7688 0.0033847 -12.5422 0.00102889
60 3800 12.9839 0.00310841 -12.3558 0.00101106
80 3800 11.8071 0.00165017 -11.997 0.000920176
110 3825 10.6287 0.00156362 -11.4919 0.000592204
120 3825 10.3269 0.0010745 -11.3347 0.00120744
80 3825 11.8164 0.0015227 -11.9893 0.000587769
90 3825 11.3643 0.0012054 -11.818 0.000878597
100 3875 10.9835 0.000863518 -11.6378 0.000684866
110 3875 10.6439 0.000804459 -11.4748 0.000372734
120 3875 10.3406 0.00173829 -11.3187 0.000643227
125 3875 10.2024 0.00083646 -11.2412 0.000449074
140 3875 9.8311 0.00102496 -11.0142 0.00133271
150 3875 9.61048 0.0013925 -10.8655 0.000640981
160 3875 9.40958 0.000668922 -10.7192 0.000612138
175 3875 9.13973 0.000724816 -10.4995 0.000947061
90 3875 11.3744 0.000972275 -11.8022 0.00078763
110 3925 10.6526 0.00214903 -11.4598 0.000305884
120 3925 10.3526 0.000663614 -11.302 0.000661665
80 3925 11.8454 0.00201998 -11.9555 0.000813088
90 3925 11.3883 0.00077171 -11.7847 0.000891968
105 3950 10.8258 0.000452313 -11.5302 0.000596323
115 3950 10.5025 0.00168728 -11.3741 0.000638554
125 3950 10.2185 0.000759711 -11.2178 0.000166857
135 3950 9.96471 0.00124794 -11.0664 0.00126464
145 3950 9.73412 0.00121479 -10.9151 0.000491106
155 3950 9.52289 0.000105442 -10.7692 0.000755519
165 3950 9.32987 0.000943139 -10.6239 0.000739693
185 3950 8.98515 0.000615341 -10.334 0.000883006
215 3950 8.5462 0.000749824 -9.90672 0.00113973
235 3950 8.29667 0.000809005 -9.62028 0.00149048
255 3950 8.06768 0.000809908 -9.33928 0.00186378
25 3950 17.3074 0.00410683 -12.9769 0.0012078
285 3950 7.76206 0.00112559 -8.91408 0.00245178
315 3950 7.44334 0.00557419 -8.60427 0.0127958
325 3950 7.40989 0.000769323 -8.35592 0.00187431
345 3950 7.24443 0.00245366 -8.10541 0.00655823
35 3950 15.5032 0.00434583 -12.7759 0.00111756
365 3950 7.10149 0.00264936 -7.83224 0.00836342
385 3950 6.93561 0.00176986 -7.67695 0.00604472
405 3950 6.82413 0.00392914 -7.37548 0.0154702
425 3950 6.70241 0.00208172 -7.15256 0.0093666
45 3950 14.3013 0.00387789 -12.5843 0.00104685
55 3950 13.4024 0.00326853 -12.3954 0.00129983
65 3950 12.6925 0.00267215 -12.2109 0.00116809
75 3950 12.1107 0.00194281 -12.0352 0.00113429
85 3950 11.6135 0.00129625 -11.8613 0.000589225
95 3950 11.1943 0.000997011 -11.692 0.000629091
100 4000 11.0164 0.000875316 -11.596 0.000814802
110 4000 10.6703 0.00135076 -11.4358 0.00061089
120 4000 10.3697 0.00152583 -11.2793 0.000657318
125 4000 10.2295 0.000943727 -11.2024 0.000566858
140 4000 9.85471 0.0010707 -10.9775 0.00129749
150 4000 9.635 0.000416951 -10.8283 0.00040011
160 4000 9.43419 0.000914591 -10.6794 0.000876287
175 4000 9.16124 0.00023183 -10.4626 0.000544538
200 4000 8.76371 0.000258741 -10.1067 0.00101275
20 4000 18.7205 0.00289287 -13.0601 0.00162604
30 4000 16.3285 0.00484887 -12.8558 0.00132069
40 4000 14.8736 0.00454022 -12.6605 0.00120265
50 4000 13.8427 0.00322016 -12.4722 0.00136575
60 4000 13.0489 0.0026441 -12.2866 0.00124136
90 4000 11.4109 0.00109896 -11.7616 0.000857906
100 400 10.0181 0.00277793 -12.828 0.00108132
10 400 17.345 0.00967791 -14.4979 0.000805609
110 400 9.70903 0.00582642 -12.648 0.00191541
125 400 9.39708 0.00293297 -12.417 0.00136471
15 400 16.1305 0.00913548 -14.4304 0.000597501
20 400 15.3244 0.005164 -14.3575 0.000548637
30 400 14.114 0.00471903 -14.1905 0.000715391
40 400 13.1008 0.00531697 -13.9934 0.000465373
50 400 12.3019 0.00686086 -13.7787 0.000664811
5 400 20.1161 0.0102811 -14.5718 0.000547553
60 400 11.5227 0.0160124 -13.5831 0.00248256
70 400 11.0992 0.00407749 -13.3672 0.00125803
80 400 10.6499 0.00593655 -13.1732 0.00207521
90 400 10.3256 0.00325889 -12.9899 0.00168488
110 4025 10.6801 0.000397614 -11.4286 0.000344834
120 4025 10.3767 0.00100459 -11.2722 0.000414357
80 4025 11.8746 0.00232854 -11.9225 0.000740121
90 4025 11.4181 0.00138467 -11.7535 0.000486859
100 4125 11.0499 0.000979524 -11.5571 0.000843077
120 4125 10.398 0.00036526 -11.2399 0.000602285
125 4125 10.2609 0.00138589 -11.1648 0.00037364
140 4125 9.88302 0.00170113 -10.9385 0.000673367
150 4125 9.65981 0.000717239 -10.792 0.000338991
160 4125 9.45772 0.00109715 -10.6417 0.000931611
175 4125 9.1818 0.0019407 -10.4253 0.000335285
80 4125 11.9038 0.00293422 -11.8874 0.00107129
90 4125 11.4469 0.00156972 -11.7179 0.000677545
105 4150 10.8787 0.000373627 -11.4698 0.000724587
115 4150 10.5546 0.00056869 -11.3106 0.00142557
125 4150 10.2663 0.00181696 -11.156 0.000287698
135 4150 10.0073 0.000878474 -11.0039 0.000263452
145 4150 9.7725 0.00107754 -10.856 0.00187889
155 4150 9.56056 0.000523146 -10.7103 0.000524985
165 4150 9.36682 0.000744603 -10.5619 0.000936922
185 4150 9.01782 0.00134911 -10.2757 0.000727148
215 4150 8.57929 0.00131046 -9.84498 0.00118807
235 4150 8.32359 0.000657366 -9.56435 0.00186098
255 4150 8.09411 0.000546345 -9.27974 0.00112855
25 4150 17.4315 0.00172729 -12.8958 0.00162098
285 4150 7.78412 0.0010875 -8.86116 0.0024587
315 4150 7.5142 0.000744403 -8.43871 0.00164042
325 4150 7.43113 0.000786361 -8.29829 0.00185974
345 4150 7.27269 0.00100866 -8.0267 0.00275782
35 4150 15.5985 0.00417833 -12.6994 0.00142368
385 4150 6.98697 0.00149182 -7.50653 0.00541159
425 4150 6.72285 0.000555589 -7.09135 0.00198485
45 4150 14.3815 0.00410242 -12.5103 0.00135978
55 4150 13.4754 0.00334777 -12.3246 0.00111342
65 4150 12.7594 0.00253969 -12.1438 0.00108659
75 4150 12.1725 0.00223075 -11.9683 0.00128262
85 4150 11.6736 0.00170351 -11.7962 0.000801205
95 4150 11.2489 0.000977823 -11.6301 0.000794526
100 4200 11.0707 0.0011694 -11.5332 0.000904131
10 4200 24.612 0.00728053 -13.2208 0.00235155
140 4200 9.89794 0.00113432 -10.914 0.000664035
180 4200 9.10941 0.00093788 -10.3329 0.00097312
20 4200 18.8821 0.00812039 -12.9836 0.0019094
220 4200 8.51923 0.000182103 -9.7605 0.00128331
240 4200 8.27092 0.000830615 -9.47891 0.00179254
260 4200 8.04528 0.000536537 -9.19541 0.00137392
30 4200 16.4362 0.00611742 -12.7788 0.00206858
40 4200 14.964 0.00380363 -12.5851 0.00150335
50 4200 13.9203 0.00367185 -12.401 0.00129097
60 4200 13.115 0.00324368 -12.2146 0.00117093
80 4200 11.9244 0.00245808 -11.8652 0.00113927
110 4225 10.7282 0.000984915 -11.3651 0.000337945
80 4225 11.9324 0.00258401 -11.8549 0.00111799
90 4225 11.4718 0.00169172 -11.6884 0.000699256
100 4250 11.0844 0.00100834 -11.5181 0.000650559
105 4250 10.9011 0.00119911 -11.4373 0.000873229
110 4250 10.7373 0.000263684 -11.3577 0.000620768
115 4250 10.5783 0.00121023 -11.2783 0.00142711
120 4250 10.431 0.000988574 -11.2007 0.000640352
125 4250 10.2886 0.00043572 -11.126 0.00138445
135 4250 10.0313 0.00101268 -10.972 0.00140308
150 4250 9.68528 0.000793364 -10.7525 0.000440953
15 4250 21.0214 0.0117134 -13.072 0.00145414
160 4250 9.48027 0.0010178 -10.6053 0.000817777
175 4250 9.20318 0.00116595 -10.3874 0.000944403
25 4250 17.5038 0.00385883 -12.8576 0.00134322
35 4250 15.6406 0.00390115 -12.6596 0.00136621
45 4250 14.4269 0.00444828 -12.4732 0.00161544
55 4250 13.5121 0.00421046 -12.2896 0.0013101
75 4250 12.2004 0.00252909 -11.9344 0.00141814
85 4250 11.7014 0.00189723 -11.7629 0.00121029
90 4250 11.4805 0.00180189 -11.6799 0.000829812
95 4250 11.2797 0.00202 -11.5962 0.000875449
110 4325 10.7523 0.000924912 -11.3366 0.000597076
120 4325 10.4472 0.000999392 -11.178 0.0010194
115 4350 10.6012 0.000828427 -11.2488 0.000952612
125 4350 10.3107 0.00127672 -11.0952 0.00036719
135 4350 10.0497 0.00174999 -10.9444 0.00142812
145 4350 9.81435 0.000880282 -10.7956 0.000777056
155 4350 9.59995 0.00103866 -10.6497 0.000641443
165 4350 9.40172 0.00148928 -10.5047 0.00034232
215 4350 8.60737 0.000527274 -9.78689 0.000888096
235 4350 8.35025 0.000341396 -9.50588 0.00108922
255 4350 8.11896 0.000523511 -9.2243 0.00151951
25 4350 17.5625 0.00498113 -12.8205 0.00196563
325 4350 7.45395 0.000758089 -8.24109 0.00186466
345 4350 7.2939 0.000726959 -7.96995 0.0018405
365 4350 7.09424 0.00303162 -7.86213 0.00942781
405 4350 6.84522 0.00284446 -7.32683 0.0109186
55 4350 13.5417 0.0035265 -12.2535 0.00143914
65 4350 12.824 0.00340212 -12.0754 0.00109384
85 4350 11.7312 0.00187808 -11.7313 0.000749268
95 4350 11.3021 0.00146378 -11.5651 0.000516109
100 4375 11.1164 0.00100999 -11.477 0.000468257
120 4375 10.4581 0.00189718 -11.1634 0.00067637
140 4375 9.93585 0.000733353 -10.8625 0.00183369
150 4375 9.70996 0.000498937 -10.7141 0.000654792
160 4375 9.50355 0.00235936 -10.5685 0.00240744
175 4375 9.22406 0.00119566 -10.3531 0.000636081
90 4375 11.5173 0.00202663 -11.6384 0.00101357
100 4400 11.1238 0.00150163 -11.4689 0.000654468
10 4400 24.8926 0.00761516 -13.1392 0.00221098
120 4400 10.4645 0.000643589 -11.1548 0.000624785
140 4400 9.94045 0.00223461 -10.8562 0.000759156
180 4400 9.14384 0.000666518 -10.2717 0.00128491
20 4400 19.0186 0.00852382 -12.8992 0.00199593
220 4400 8.54679 0.000538646 -9.70326 0.00151772
240 4400 8.29712 0.000425419 -9.41974 0.00121921
30 4400 16.5373 0.00361081 -12.6986 0.00130399
40 4400 15.0443 0.00327447 -12.5112 0.00115786
50 4400 13.9932 0.00392747 -12.3274 0.00126951
60 4400 13.182 0.00367879 -12.1426 0.00147165
80 4400 11.9842 0.00278324 -11.7986 0.00132217
100 4500 11.1492 0.00205426 -11.4361 0.00109176
10 4500 25.0069 0.0156 -13.1055 0.00320468
110 4500 10.798 0.00113362 -11.2773 0.000402053
120 4500 10.4871 0.001461 -11.1266 0.000802364
125 4500 10.348 0.000883436 -11.0475 0.000771892
140 4500 9.95992 0.00115448 -10.8242 0.000153264
150 4500 9.73475 0.000792219 -10.6775 0.000437065
160 4500 9.52886 0.00111474 -10.5308 0.000731535
200 4500 8.84204 0.00172126 -9.95971 0.00142014
300 4500 7.68408 0.00100455 -8.55462 0.00245433
30 4500 16.5988 0.0022295 -12.6628 0.00155914
400 4500 6.88157 0.00197357 -7.3803 0.00709371
40 4500 15.0869 0.00437282 -12.4709 0.00162421
50 4500 14.0262 0.00365396 -12.2908 0.00138011
60 4500 13.2173 0.00333454 -12.1099 0.00141052
80 4500 12.0165 0.00278026 -11.7642 0.00171954
90 4500 11.5521 0.00227349 -11.5961 0.00148237
100 450 10.0331 0.00288455 -12.7885 0.00110595
10 450 17.477 0.00972756 -14.4776 0.000620555
110 450 9.74874 0.00397513 -12.6295 0.00151971
125 450 9.40513 0.00301757 -12.3976 0.00168882
15 450 16.15 0.0061408 -14.4066 0.000835995
20 450 15.3464 0.00587328 -14.3345 0.000521224
30 450 14.0247 0.00922111 -14.1657 0.000818653
40 450 12.6979 0.0320756 -13.964 0.000602445
50 450 12.1919 0.0202517 -13.7578 0.0012267
5 450 20.3633 0.00559335 -14.5474 0.000256906
60 450 11.6571 0.00710639 -13.5528 0.000954081
70 450 11.0668 0.00626328 -13.3509 0.00110822
80 450 10.55 0.0212065 -13.1982 0.00856536
90 450 10.3319 0.00296047 -12.987 0.00158385
105 4550 10.9813 0.00176814 -11.343 0.000820239
135 4550 10.0958 0.00253423 -10.8816 0.000857234
145 4550 9.85745 0.00240606 -10.7326 0.000532254
155 4550 9.63933 0.00140394 -10.5903 0.00188558
165 4550 9.4391 0.000505239 -10.445 0.0012047
235 4550 8.37937 0.00118306 -9.44691 0.00192199
25 4550 17.6895 0.00243574 -12.7423 0.0015954
35 4550 15.7995 0.00265008 -12.5469 0.00148925
45 4550 14.542 0.00395137 -12.3643 0.00107224
55 4550 13.6183 0.0033868 -12.1823 0.0015735
65 4550 12.8916 0.00324085 -12.0013 0.0014095
85 4550 11.7886 0.0019464 -11.6653 0.00114531
95 4550 11.3539 0.00158283 -11.5021 0.001199
10 4600 25.173 0.00497063 -13.0576 0.00204945
120 4600 10.5125 0.00111413 -11.0944 0.000795163
20 4600 19.1877 0.00808248 -12.8193 0.00182881
220 4600 8.57651 0.000559513 -9.64756 0.000179137
240 4600 8.32316 0.00084191 -9.36517 0.00105614
260 4600 8.09508 0.000497632 -9.08534 0.00199192
30 4600 16.66 0.00280944 -12.6232 0.00142302
40 4600 15.1378 0.00592858 -12.4351 0.00171602
50 4600 14.068 0.00398939 -12.2503 0.00147839
60 4600 13.2467 0.00317245 -12.0752 0.00137609
120 4750 10.547 0.000878854 -11.0493 0.000882949
140 4750 10.0138 0.000180588 -10.7483 0.000631605
185 4750 9.11968 0.000505429 -10.0992 0.00034184
215 4750 8.66526 0.00183687 -9.6752 0.0012071
325 4750 7.4941 0.000616088 -8.14007 0.0019277
90 4750 11.6196 0.00282789 -11.5193 0.00138941
100 4800 11.2272 0.00209479 -11.3444 0.00170474
10 4800 25.4567 0.00499334 -12.9668 0.00249194
120 4800 10.5589 0.00115667 -11.0336 0.000722521
140 4800 10.0252 0.000128749 -10.7341 0.00105595
160 4800 9.58486 0.000533906 -10.4425 0.000670968
20 4800 19.3412 0.00184368 -12.7331 0.00215155
260 4800 8.1203 0.00035967 -9.03131 0.00134777
40 4800 15.2249 0.00446617 -12.3569 0.00215055
50 4800 14.1387 0.00512086 -12.1796 0.00196965
145 4950 9.93544 0.00128811 -10.6191 0.000309946
155 4950 9.71859 0.00203676 -10.4698 0.000580862
185 4950 9.15395 0.00100183 -10.0436 0.00173977
235 4950 8.43143 0.00137516 -9.34047 0.001146
385 4950 7.06611 0.000743459 -7.27572 0.00258639
100 5000 11.2812 0.00306645 -11.2777 0.00128482
120 5000 10.6026 0.00139486 -10.9744 0.000863484
125 5000 10.4601 0.00134059 -10.8967 0.000803683
140 5000 10.0657 0.00129615 -10.6769 0.000360695
150 5000 9.83445 0.00131254 -10.5273 0.000496017
160 5000 9.62312 0.00156192 -10.3839 0.00266934
175 5000 9.33496 0.00216522 -10.1709 0.00214795
300 5000 7.74219 0.000594759 -8.42022 0.00113134
50 5000 14.2182 0.00365569 -12.106 0.00171282
100 500 10.0254 0.00207591 -12.7934 0.00172064
10 500 17.6101 0.00508876 -14.4533 0.000252984
110 500 9.57187 0.00934079 -12.6953 0.00723011
125 500 9.26801 0.000766107 -12.5935 0.00135018
15 500 16.2481 0.0117719 -14.385 0.000327072
20 500 15.3636 0.00645317 -14.3141 0.000447638
30 500 14.118 0.00992484 -14.1484 0.000767485
40 500 13.1222 0.00586622 -13.9538 0.000828128
50 500 12.2844 0.00892214 -13.7411 0.000961218
5 500 20.6623 0.00592355 -14.5231 0.000291942
60 500 11.6453 0.00269937 -13.5331 0.000695388
70 500 11.0883 0.00776733 -13.3348 0.00224041
80 500 10.6753 0.00523112 -13.1391 0.000860608
90 500 10.3052 0.00401168 -12.9589 0.00071053
345 5150 7.37358 0.000661186 -7.76523 0.00269764
120 5200 10.6545 0.00200936 -10.9101 0.00124172
180 5200 9.27939 0.00126552 -10.0447 0.00198233
50 5200 14.2942 0.00396272 -12.0305 0.00189086
60 5200 13.4566 0.00375343 -11.864 0.00180053
155 5350 9.79455 0.00235833 -10.3531 0.0026496
165 5350 9.58796 0.00188795 -10.2138 0.000712618
140 5400 10.1524 0.00191155 -10.5584 0.00234408
30 5400 17.1186 0.00895392 -12.3024 0.0035788
60 5400 13.5262 0.0052345 -11.7946 0.00309942
50 5500 14.4136 0.00427201 -11.9234 0.00159935
100 550 9.99528 0.00576724 -12.7796 0.00135272
10 550 17.7869 0.00444599 -14.4301 0.000235681
110 550 9.7286 0.00563239 -12.6151 0.0036503
125 550 9.3058 0.0140378 -12.4464 0.0108466
15 550 16.3112 0.00465051 -14.3629 0.000243592
20 550 15.4182 0.00749834 -14.2904 0.00024712
30 550 14.1192 0.00401489 -14.127 0.000757079
40 550 13.1126 0.00810601 -13.9323 0.000642372
50 550 12.3248 0.00535904 -13.7265 0.000741086
5 550 20.9042 0.00571422 -14.5004 0.0002489
60 550 11.3406 0.0326212 -13.5704 0.0058616
70 550 10.7935 0.0176784 -13.3926 0.00471637
80 550 10.7057 0.00259593 -13.1353 0.000797712
90 550 10.3039 0.00653433 -12.9458 0.00171882
100 600 10.0449 0.00274306 -12.7623 0.00160584
10 600 17.9251 0.00355686 -14.4085 0.00023532
110 600 9.71514 0.0159806 -12.6301 0.0108857
125 600 9.42373 0.00358661 -12.365 0.00168336
15 600 16.3961 0.00267438 -14.3392 0.00025762
20 600 15.4654 0.00683166 -14.2668 0.000263161
30 600 14.1609 0.0069439 -14.1029 0.000543333
40 600 12.7226 0.0489828 -13.9176 0.00112321
50 600 12.3055 0.00728043 -13.7063 0.000920412
5 600 21.159 0.00492869 -14.4786 0.000181195
60 600 11.662 0.00552087 -13.5028 0.000732779
70 600 11.1347 0.00380327 -13.2983 0.0008623
80 600 10.4409 0.0189599 -13.203 0.00764724
90 600 10.165 0.0272741 -12.9901 0.0104579
100 650 9.81218 0.0192285 -12.8714 0.00995382
10 650 18.0859 0.00423145 -14.3865 0.000289856
110 650 9.78537 0.00205439 -12.5771 0.0019123
125 650 9.42645 0.00429929 -12.3583 0.00216638
15 650 16.5038 0.00274748 -14.3152 0.000333329
20 650 15.5013 0.00461085 -14.2458 0.000261934
30 650 14.1962 0.00573865 -14.0847 0.000585874
40 650 12.5718 0.0285997 -13.9024 0.00115731
50 650 12.0982 0.0435383 -13.7008 0.00276921
5 650 21.4069 0.00652103 -14.4581 0.000208228
60 650 11.7029 0.00543964 -13.4822 0.0010915
70 650 11.1342 0.00633239 -13.2914 0.00141679
80 650 10.705 0.0067407 -13.1006 0.00184538
90 650 10.349 0.00616254 -12.92 0.00183169
100 700 10.0528 0.00369871 -12.7271 0.0015491
10 700 18.2244 0.00275993 -14.3661 0.000226196
110 700 9.6576 0.0216569 -12.6435 0.0152368
125 700 9.42024 0.0075835 -12.3474 0.00503803
15 700 16.6008 0.00287594 -14.293 0.000319352
20 700 15.5881 0.00295481 -14.2207 0.000272837
30 700 14.2374 0.00511938 -14.0612 0.000375317
40 700 13.2041 0.00548143 -13.8733 0.000634864
50 700 12.363 0.00611244 -13.6681 0.000688325
5 700 21.6554 0.00618527 -14.4385 0.000206323
60 700 11.6976 0.00499284 -13.4655 0.000743774
70 700 11.1799 0.00574316 -13.2678 0.00120222
80 700 10.6991 0.00437186 -13.0897 0.00137349
90 700 10.223 0.0197485 -12.9398 0.00795837
100 750 9.97684 0.0167536 -12.7547 0.00955216
10 750 18.3699 0.00362239 -14.3472 0.000331171
110 750 9.63544 0.0182116 -12.6666 0.0126389
125 750 9.44969 0.00232514 -12.3246 0.00202309
15 750 16.6842 0.00231879 -14.2713 0.000317104
20 750 15.6584 0.00233583 -14.1992 0.000311776
30 750 14.1356 0.0245802 -14.0431 0.00104536
40 750 12.7879 0.0569977 -13.8625 0.00140784
50 750 12.3787 0.00894273 -13.6488 0.00073993
5 750 21.8652 0.00513253 -14.4194 0.000265167
60 750 11.7361 0.00399552 -13.4469 0.000722379
70 750 11.0756 0.000906311 -13.2615 0.000320547
80 750 10.7505 0.00398972 -13.0641 0.00141057
90 750 10.2845 0.0189752 -12.9233 0.00794276
100 800 9.94578 0.0237857 -12.7713 0.0145694
10 800 18.5 0.00310372 -14.3271 0.000334993
110 800 9.65334 0.0200703 -12.6313 0.0114692
120 800 9.4151 0.0139704 -12.4992 0.0121892
125 800 9.46397 0.00355451 -12.3115 0.00253597
140 800 9.06699 0.0127657 -12.1858 0.0136707
15 800 16.7844 0.00384487 -14.2526 0.000274723
160 800 8.7333 0.00474077 -12.017 0.00800543
180 800 8.46935 0.00726327 -11.7924 0.0190022
20 800 15.7284 0.00261365 -14.1796 0.00041925
220 800 8.03073 0.00224481 -11.2306 0.0084538
240 800 7.83853 0.00214061 -10.8099 0.00913783
260 800 7.67853 0.00313442 -10.6597 0.0322941
30 800 14.1194 0.028728 -14.0233 0.00112463
40 800 12.9373 0.0482007 -13.8397 0.00160588
50 800 12.2231 0.0407702 -13.6378 0.00269289
5 800 22.0952 0.0060156 -14.4013 0.000219313
60 800 11.732 0.00799709 -13.4296 0.00100134
70 800 11.2148 0.0040766 -13.233 0.000814488
80 800 10.4773 0.0134678 -13.1242 0.00438986
90 800 10.3902 0.00382725 -12.8718 0.00129882
100 850 10.0463 0.0114118 -12.704 0.00541004
10 850 18.6235 0.00512043 -14.3087 0.000359463
110 850 9.79076 0.00683979 -12.5342 0.00370111
125 850 9.45546 0.00651336 -12.3098 0.00398578
15 850 16.8793 0.00282739 -14.2329 0.000353025
20 850 15.7962 0.00291016 -14.1563 0.000265132
30 850 14.347 0.0022626 -13.9943 0.000312232
40 850 12.8125 0.0525319 -13.8274 0.00194935
50 850 12.4274 0.00766085 -13.6095 0.00053042
5 850 22.3285 0.00564755 -14.3843 0.000243851
60 850 11.3827 0.0319002 -13.4788 0.00611212
70 850 11.1541 0.014393 -13.2312 0.00269639
80 850 10.6197 0.0239833 -13.0771 0.00832332
90 850 10.1366 0.000816675 -12.9892 0.000300213
100 900 9.86934 0.0182664 -12.8079 0.0112804
10 900 18.7638 0.00291479 -14.2915 0.000315584
110 900 9.66721 0.0147072 -12.5898 0.00928746
120 900 9.60671 0.00340328 -12.3597 0.001153
125 900 9.2797 0.00328742 -12.3625 0.00501092
140 900 9.01152 0.00696514 -12.2572 0.00954011
15 900 16.9684 0.00296447 -14.2144 0.00028969
160 900 8.86143 0.00346626 -11.7993 0.00422243
180 900 8.57356 0.00232104 -11.5182 0.00401666
20 900 15.8647 0.0026426 -14.1366 0.000340571
220 900 8.06586 0.000295178 -11.2528 0.00083183
240 900 7.85517 0.000840831 -11.0265 0.00540225
260 900 7.67726 0.00175096 -10.6964 0.0206365
30 900 14.3869 0.00321277 -13.9729 0.000285606
40 900 13.3012 0.00537023 -13.7891 0.000562165
50 900 12.4714 0.00389821 -13.587 0.000438332
5 900 22.5422 0.00641463 -14.367 0.000268382
60 900 11.4048 0.036959 -13.4578 0.00691214
70 900 11.2508 0.00451544 -13.1971 0.00110549
80 900 10.6922 0.00101223 -13.0311 0.000477709
90 900 10.1758 0.0254556 -12.9558 0.0119678
100 950 9.88841 0.0164744 -12.7749 0.00992792
10 950 18.8934 0.0039848 -14.2738 0.000272502
110 950 9.77565 0.0150038 -12.5309 0.0102702
125 950 9.46846 0.00667786 -12.2819 0.00551977
15 950 17.06 0.00257392 -14.1958 0.000387734
20 950 15.9239 0.00271951 -14.1169 0.000353642
30 950 14.4398 0.00207037 -13.9513 0.000370587
40 950 13.3494 0.00408093 -13.7663 0.000338148
50 950 12.4968 0.00536876 -13.5681 0.000653842
5 950 22.7696 0.00655295 -14.3501 0.000218096
60 950 11.4151 0.0335282 -13.4439 0.00606331
70 950 10.8978 0.00306496 -13.2692 0.000838016
80 950 10.6214 0.0267822 -13.0748 0.0114024
90 950 10.2501 0.0289463 -12.9089 0.0136798
# P[GPa] T[K] volume[A^3/molecule] PE[eV/molecule]
12 1000 18.132 0.00362518 -14.2257 0.000319933
17 1000 16.6214 0.00346571 -14.1464 0.0003969
25 1000 15.153 0.00253614 -14.017 0.000391507
8 1000 20.2058 0.00518573 -14.2903 0.000349128
12 1100 18.3382 0.00459565 -14.1918 0.000343869
15 1100 17.3009 0.00253188 -14.1428 0.000333967
17 1100 16.7716 0.00257567 -14.1105 0.000305429
25 1100 15.262 0.00264819 -13.979 0.000399072
5 1100 23.3877 0.00620684 -14.3011 0.000311277
8 1100 20.4965 0.00581113 -14.258 0.000297926
12 1200 18.5415 0.0045962 -14.16 0.000432004
17 1200 16.9137 0.00248481 -14.0759 0.000357042
25 1200 15.3515 0.00227539 -13.942 0.000431838
8 1200 20.7818 0.00671416 -14.2273 0.000363553
12 1300 18.7275 0.00498881 -14.128 0.000342862
15 1300 17.6172 0.00310429 -14.0765 0.000261125
17 1300 17.0517 0.00271161 -14.0428 0.000329537
25 1300 15.4429 0.00269807 -13.9053 0.000451259
5 1300 24.2323 0.00742145 -14.2427 0.000399871
8 1300 21.0546 0.00746464 -14.1962 0.00046648
12 1400 18.9117 0.00496883 -14.0961 0.000445418
15 1400 17.7622 0.0029635 -14.0432 0.000419
17 1400 17.1697 0.00348459 -14.0082 0.000319928
25 1400 15.5283 0.00189303 -13.8697 0.000326979
5 1400 24.6376 0.00939221 -14.2135 0.000545873
8 1400 21.3243 0.00682459 -14.1679 0.000500179
12 1500 19.0943 0.00572252 -14.0648 0.000506999
17 1500 17.3069 0.0030817 -13.9762 0.000303123
25 1500 15.621 0.00191596 -13.8359 0.000483483
5 1500 25.0345 0.00553597 -14.1846 0.000359579
8 1500 21.5917 0.00546081 -14.1379 0.00056292
12 300 16.6222 0.00598022 -14.5095 0.000285473
17 300 15.7357 0.00795324 -14.4357 0.000767097
25 300 14.6703 0.00722882 -14.3127 0.000677612
8 300 17.8969 0.0125924 -14.569 0.000724245
12 400 16.7776 0.00723396 -14.471 0.000750467
17 400 15.7522 0.00549074 -14.4007 0.000496444
25 400 14.6507 0.00469915 -14.2723 0.000770416
8 400 18.1223 0.0032889 -14.5295 0.000899668
12 500 16.9581 0.00382472 -14.4266 0.000366053
17 500 15.8489 0.00790927 -14.3557 0.000474542
25 500 14.6767 0.00665635 -14.2333 0.00053216
8 500 18.5109 0.00298103 -14.4814 0.000165958
12 600 17.1988 0.00477306 -14.3799 0.000294737
17 600 15.9808 0.00485967 -14.31 0.000388946
25 600 14.7491 0.00598221 -14.1908 0.000422317
8 600 18.8893 0.00471922 -14.4368 0.000177684
12 700 17.4661 0.00286899 -14.3371 0.000366865
17 700 16.1484 0.00274505 -14.2651 0.000255969
25 700 14.8287 0.00403547 -14.1435 0.000278332
8 700 19.2419 0.00371047 -14.3953 0.000217743
12 800 17.6892 0.00408819 -14.2968 0.000261631
17 800 16.3176 0.00243478 -14.2218 0.000274919
25 800 14.9425 0.00348785 -14.1002 0.000387233
8 800 19.5789 0.00416715 -14.3582 0.000263048
12 900 17.9095 0.00370951 -14.2604 0.000321726
17 900 16.4764 0.00326114 -14.1834 0.000334829
25 900 15.0517 0.00179796 -14.0565 0.00036463
8 900 19.9144 0.00397951 -14.324 0.000373072
