begin
comment AIRSS data using PBE DFT
lattice		17.461069	0.000000	0.000000
lattice		0.000000	17.461069	0.000000
lattice		0.000000	0.000000	17.461069
atom	0.500559	14.396541	7.656859	H	0.000000	0.000000	0.0811632 0.0012854 -0.172988
atom	8.058924	4.488668	0.636497	H	0.000000	0.000000	-0.00523425 -0.0140514 -0.00919558
atom	7.224885	2.127349	17.250702	H	0.000000	0.000000	0.0859832 0.0245596 -0.00693543
atom	12.421866	1.815740	16.382834	H	0.000000	0.000000	-0.0183732 0.0470746 -0.0478453
atom	4.629426	8.253648	15.926221	H	0.000000	0.000000	0.00614378 0.0106139 -0.0406735
atom	10.778025	2.316040	7.014170	H	0.000000	0.000000	-0.0789938 -0.0316771 0.0263819
atom	10.571122	4.538841	6.240488	H	0.000000	0.000000	-0.011438 -0.0170821 0.00703883
atom	2.120295	7.961850	2.350045	H	0.000000	0.000000	-0.0207626 0.0250039 -0.016246
atom	0.168447	6.618367	14.305546	H	0.000000	0.000000	-0.064353 0.0331897 0.0318415
atom	5.502542	4.212924	7.022330	H	0.000000	0.000000	-0.0334426 0.000182895 0.0439988
atom	1.798136	5.234833	12.953532	H	0.000000	0.000000	0.0574865 0.00389424 0.0423723
atom	1.547467	1.322493	17.150824	H	0.000000	0.000000	0.00991137 -0.0407951 0.00581736
atom	7.795202	14.680054	9.382565	H	0.000000	0.000000	0.00932996 -0.00617703 0.0329066
atom	0.079790	16.602324	0.916659	H	0.000000	0.000000	-0.0132524 -0.109688 0.207903
atom	10.351671	2.501129	1.924931	H	0.000000	0.000000	-0.00330752 0.025713 -0.0427215
atom	14.164077	12.825980	1.019928	H	0.000000	0.000000	0.0342693 -0.0423294 0.028865
atom	9.593479	4.156146	15.166870	H	0.000000	0.000000	0.0766728 -0.107501 0.0374271
atom	14.298509	12.745106	4.203104	H	0.000000	0.000000	0.0553539 -0.00780897 0.00936831
atom	7.508987	11.624467	4.679306	H	0.000000	0.000000	0.0449042 0.00401352 -0.0780416
atom	3.945989	4.483133	2.280101	H	0.000000	0.000000	0.0101175 -0.0267529 -0.0378471
atom	6.779263	1.005675	4.445899	H	0.000000	0.000000	-0.0201344 0.0209547 0.0368735
atom	2.833258	12.915049	12.831642	H	0.000000	0.000000	0.0330763 0.000406682 -0.00776695
atom	4.672786	2.992113	4.361923	H	0.000000	0.000000	0.0352659 -0.00640521 -0.0094379
atom	6.102866	2.240078	12.804259	H	0.000000	0.000000	0.0315737 -0.0662937 -0.010755
atom	7.330326	8.090572	11.246327	H	0.000000	0.000000	0.0557233 0.0306715 0.0242712
atom	5.305577	12.537195	8.212033	H	0.000000	0.000000	-0.0401196 -0.00508481 -0.00566079
atom	15.466887	15.862324	2.607644	H	0.000000	0.000000	0.0181313 0.0313369 -0.00845881
atom	0.171589	13.488087	1.026387	H	0.000000	0.000000	0.0240927 -0.0531956 0.0254977
atom	11.238076	9.985480	10.821353	H	0.000000	0.000000	-0.0725457 -0.0944791 -0.00894149
atom	7.373361	12.043241	16.324045	H	0.000000	0.000000	0.0291325 0.0216078 -0.0402905
atom	5.387199	7.162945	2.944938	H	0.000000	0.000000	-0.0216685 -0.0154656 -0.01455
atom	6.884356	11.509685	9.742633	H	0.000000	0.000000	0.0826114 0.0113379 -0.068419
atom	1.256753	1.466507	2.391931	H	0.000000	0.000000	0.0288137 -0.0690304 -0.00374417
atom	2.086832	3.522317	5.507970	H	0.000000	0.000000	-0.0913548 0.0478847 -0.00721607
atom	14.352016	13.482092	9.983264	H	0.000000	0.000000	0.0121481 -0.012326 0.000507651
atom	16.130567	13.726777	16.625595	H	0.000000	0.000000	-0.0143631 -0.00586278 -0.00957613
atom	2.994975	6.938778	17.094784	H	0.000000	0.000000	-0.00742808 -0.0179341 -0.0310126
atom	9.537478	1.777578	13.598740	H	0.000000	0.000000	-0.0455848 0.0710133 -0.0351239
atom	2.625736	8.471342	13.077029	H	0.000000	0.000000	-0.0437207 -0.0109544 0.0957551
atom	0.459397	15.281252	12.656116	H	0.000000	0.000000	0.0146828 0.012272 -0.0310922
atom	8.685336	6.694419	1.645299	H	0.000000	0.000000	0.0414937 -0.00319568 -0.0468187
atom	0.552474	9.503241	12.943444	H	0.000000	0.000000	-0.039029 0.00585081 -0.00804678
atom	10.488658	16.767782	7.061038	H	0.000000	0.000000	-0.0294663 0.0876922 -0.0576193
atom	2.368027	2.346175	14.405922	H	0.000000	0.000000	-0.040802 0.0227771 0.00482348
atom	9.145086	7.731198	13.316763	H	0.000000	0.000000	0.00438246 -0.0343369 0.0309398
atom	8.643400	1.127633	10.152215	H	0.000000	0.000000	0.00115931 0.0914172 0.0774552
atom	1.178779	5.578928	4.162639	H	0.000000	0.000000	-0.0039388 -0.0230679 0.0600109
atom	6.371649	15.254419	1.463098	H	0.000000	0.000000	0.0137798 -0.0925908 0.0143175
atom	1.614991	12.270050	5.140263	H	0.000000	0.000000	0.0101014 -0.0218065 0.0370592
atom	1.046661	1.835246	10.633010	H	0.000000	0.000000	0.0291345 0.0357926 0.0289822
atom	8.685203	16.209672	5.338643	H	0.000000	0.000000	0.00201831 -0.0341353 -0.0404712
atom	4.548776	0.043461	10.030421	H	0.000000	0.000000	0.0602514 -0.0365041 0.0557409
atom	11.679988	15.152155	12.284437	H	0.000000	0.000000	0.0077882 0.069373 0.00468042
atom	4.703372	2.453288	17.173194	H	0.000000	0.000000	-0.0487149 0.0366662 -0.00330093
atom	7.400493	3.497020	10.091011	H	0.000000	0.000000	-0.000168912 -0.0179458 0.00397132
atom	7.192371	5.476454	15.946815	H	0.000000	0.000000	0.0273839 -0.0205219 -0.0517238
atom	16.791336	6.714730	3.042240	H	0.000000	0.000000	-0.0802782 -0.00117454 -0.00523796
atom	10.399055	14.422513	10.285118	H	0.000000	0.000000	-0.049251 0.0102254 0.0748986
atom	0.470766	0.879273	13.702084	H	0.000000	0.000000	0.00984487 -0.0122698 -0.0267396
atom	14.538556	0.900534	7.397708	H	0.000000	0.000000	0.0158822 0.019648 0.0236854
atom	5.149833	9.331785	12.005887	H	0.000000	0.000000	-0.00399526 0.0155243 0.0051496
atom	16.216857	5.696895	10.618438	H	0.000000	0.000000	-0.000136764 0.0308036 0.0126281
atom	12.890070	3.210325	8.193300	H	0.000000	0.000000	0.0719111 -0.00542665 -0.0183605
atom	1.726919	5.570103	7.033939	H	0.000000	0.000000	-0.0428691 -0.0276854 0.0396176
atom	13.252428	15.871193	9.084048	H	0.000000	0.000000	0.0610571 0.0187037 -0.00236928
atom	4.869097	4.785562	14.678156	H	0.000000	0.000000	-0.0288683 -0.00160875 0.00554654
atom	13.439761	3.276515	1.379580	H	0.000000	0.000000	-0.0221525 -0.00139716 -0.0081197
atom	16.417730	10.398546	14.982604	H	0.000000	0.000000	0.0113017 -0.0414368 -0.0275774
atom	12.421780	5.045026	16.191143	H	0.000000	0.000000	0.0263303 -0.0195837 -0.0502283
atom	5.461368	16.606156	8.024876	H	0.000000	0.000000	0.0203598 -0.0393557 -0.0181297
atom	11.068324	7.322467	6.941880	H	0.000000	0.000000	0.00981191 -0.00790377 -0.0511967
atom	15.981768	11.976959	7.394642	H	0.000000	0.000000	-0.0100064 0.00181395 0.0246723
atom	0.009019	3.167857	16.488644	H	0.000000	0.000000	-0.0279393 0.0230329 -0.00158722
atom	5.807943	10.228283	6.121288	H	0.000000	0.000000	-0.0432299 -0.0485279 -0.00700083
atom	4.763569	9.884585	2.614958	H	0.000000	0.000000	0.0229211 0.0201251 0.0172074
atom	5.358129	12.346809	1.166571	H	0.000000	0.000000	0.0419851 0.00216089 -0.0238602
atom	8.927722	11.677382	12.634295	H	0.000000	0.000000	-0.0429569 0.00231012 0.0160867
atom	12.924627	13.871479	16.380883	H	0.000000	0.000000	-0.0150505 0.0043248 -0.0613387
atom	2.008339	10.884520	11.441842	H	0.000000	0.000000	-0.0573533 0.0275743 -0.0147566
atom	1.270360	11.096466	7.939992	H	0.000000	0.000000	0.0602961 0.0144955 0.00619534
atom	4.514615	2.317170	10.166336	H	0.000000	0.000000	0.00297484 -0.0241659 -0.0201693
atom	12.981394	10.649835	2.041825	H	0.000000	0.000000	0.000710396 -0.0331957 0.0134454
atom	16.297312	10.575579	10.716958	H	0.000000	0.000000	0.0363621 0.0294732 0.0491518
atom	16.515120	3.491367	12.456170	H	0.000000	0.000000	-0.0116046 -0.00327064 -0.0237326
atom	10.818783	7.378356	9.149243	H	0.000000	0.000000	0.00807385 -0.0375393 0.00110012
atom	6.276714	16.051269	3.767801	H	0.000000	0.000000	0.00608519 -0.0272777 0.0982259
atom	15.013141	3.659048	9.498540	H	0.000000	0.000000	-0.0103676 0.0208249 0.02317
atom	4.434991	17.269250	13.183499	H	0.000000	0.000000	0.0170759 0.02189 -0.0342726
atom	4.861987	3.677930	12.081203	H	0.000000	0.000000	-0.0310607 0.0225507 0.0338394
atom	15.589580	0.716664	13.910320	H	0.000000	0.000000	0.00381499 0.0216418 -0.0109138
atom	12.793132	1.667835	5.977801	H	0.000000	0.000000	0.0532674 0.0323317 0.00155317
atom	13.556816	8.289708	4.456758	H	0.000000	0.000000	-0.0527079 -0.0326798 -0.0208937
atom	7.069734	2.904073	6.795128	H	0.000000	0.000000	0.0353849 -0.0549654 0.0401826
atom	6.283513	16.057354	16.230581	H	0.000000	0.000000	-0.0641901 -0.0568616 -0.0420903
atom	8.316815	16.270321	17.102046	H	0.000000	0.000000	0.0597485 -0.0506778 0.0261494
atom	9.726045	13.497815	2.263066	H	0.000000	0.000000	-0.0833623 -0.0812014 -0.0254271
atom	2.301534	4.127203	17.330629	H	0.000000	0.000000	-0.0365273 0.132694 -0.0847204
atom	5.634932	7.115985	9.939603	H	0.000000	0.000000	-0.0252898 -0.0241422 -0.0203366
atom	13.694760	5.383568	4.532397	H	0.000000	0.000000	0.0284653 -0.0248669 0.0119224
atom	7.819325	9.785071	14.738201	H	0.000000	0.000000	-0.018455 -0.00977665 -0.00769841
atom	14.249513	14.934014	13.909715	H	0.000000	0.000000	-0.0450289 0.0476495 0.0275895
atom	11.836409	7.868822	1.745753	H	0.000000	0.000000	-0.0398177 -0.0390001 -0.0232336
atom	15.929601	15.063277	8.516198	H	0.000000	0.000000	0.0110146 0.0045035 0.0181485
atom	1.954172	8.135942	7.158877	H	0.000000	0.000000	0.006147 0.0392854 -0.00657261
atom	5.288639	1.199980	15.259202	H	0.000000	0.000000	0.00318227 0.0333762 -0.0396622
atom	7.826485	5.059919	12.671222	H	0.000000	0.000000	0.00870606 -0.00179733 0.0350193
atom	4.517601	10.986345	10.358071	H	0.000000	0.000000	-0.0525197 0.0232493 -0.0404169
atom	2.939958	9.496311	3.953694	H	0.000000	0.000000	-0.0115974 -0.0293557 0.080328
atom	0.886740	4.508967	9.906852	H	0.000000	0.000000	0.0115744 0.0267554 0.0430272
atom	5.879603	17.245840	1.712048	H	0.000000	0.000000	0.0172563 0.00688071 -0.0521024
atom	0.238231	16.501155	4.685786	H	0.000000	0.000000	0.0258358 -0.0404174 -0.0672767
atom	10.964707	6.933903	15.994324	H	0.000000	0.000000	0.00501332 0.02239 0.00408692
atom	10.401851	12.640676	9.078591	H	0.000000	0.000000	-0.0413455 -0.0507451 0.00147975
atom	3.717937	1.999655	7.545992	H	0.000000	0.000000	0.0189234 0.0184903 -0.0157735
atom	16.021525	2.118017	1.796834	H	0.000000	0.000000	-0.0133531 0.0209219 -0.0382858
atom	16.394825	10.473188	0.099521	H	0.000000	0.000000	-0.0487146 -0.051201 0.0170085
atom	0.064672	12.692268	15.142183	H	0.000000	0.000000	0.0147404 -0.0536497 0.00740808
atom	7.107240	5.960587	8.191191	H	0.000000	0.000000	0.019648 -0.0273432 0.0164589
atom	7.839797	13.057927	6.708857	H	0.000000	0.000000	0.00559439 0.0113036 0.0142354
atom	11.866306	12.336844	1.571093	H	0.000000	0.000000	-0.0481512 0.00930223 -0.024331
atom	5.957688	12.894089	12.132614	H	0.000000	0.000000	-0.00175679 0.04303 0.0290715
atom	17.270217	15.895895	15.457957	H	0.000000	0.000000	0.0119544 0.00192298 0.00845142
atom	10.807789	3.934414	8.907971	H	0.000000	0.000000	-0.0450623 0.0208799 0.0383733
atom	8.263288	7.281458	9.351555	H	0.000000	0.000000	0.0194369 -0.0337704 0.00916316
atom	2.150530	14.439173	9.950228	H	0.000000	0.000000	-0.0155911 -0.0168863 0.048279
atom	16.148960	4.929493	6.965888	H	0.000000	0.000000	-0.0123864 0.0160077 0.00389655
atom	16.534289	2.400587	4.172198	H	0.000000	0.000000	-0.00531892 0.0221171 0.0241831
atom	10.001330	0.599497	17.313693	H	0.000000	0.000000	0.0349043 0.0594112 -0.0153016
atom	12.284905	7.586592	12.857068	H	0.000000	0.000000	-0.00207668 0.0338797 0.0799174
atom	3.477145	6.303388	6.810006	H	0.000000	0.000000	0.0735894 0.0767556 -0.135985
atom	13.183833	0.209364	2.448330	H	0.000000	0.000000	0.0156273 -0.00449623 -0.0381093
atom	4.469249	6.989012	12.110206	H	0.000000	0.000000	-0.00823882 -0.0560815 0.00396409
atom	2.569088	15.627171	13.774142	H	0.000000	0.000000	-0.0156418 -0.0319052 -0.0313742
atom	15.157999	4.226333	14.169153	H	0.000000	0.000000	-0.0522339 -0.21042 -0.037898
atom	13.998311	8.695913	10.042024	H	0.000000	0.000000	0.0343652 -0.0408273 0.0609786
atom	13.179909	5.851683	2.205074	H	0.000000	0.000000	0.00532022 0.00189653 -0.0221444
atom	16.868594	7.381202	17.342309	H	0.000000	0.000000	-0.0172516 -0.00998803 -0.0187171
atom	8.329707	7.923031	3.349020	H	0.000000	0.000000	-0.0374164 -0.00935732 -0.0228763
atom	11.350528	7.023807	10.890038	H	0.000000	0.000000	-0.0057606 -0.0858896 0.0534152
atom	3.266593	17.112017	6.689527	H	0.000000	0.000000	-0.00454655 -0.0111455 0.0341128
atom	11.599181	17.245046	9.747330	H	0.000000	0.000000	-0.0135773 0.0543063 0.0562418
atom	13.236481	5.977815	7.619363	H	0.000000	0.000000	0.0698986 -0.0268736 0.0773456
atom	0.074249	0.460050	8.596685	H	0.000000	0.000000	0.00946793 0.0200277 -0.00642084
atom	1.245922	14.198041	3.931243	H	0.000000	0.000000	0.065967 0.0305981 0.00359443
atom	0.118608	8.153641	10.283034	H	0.000000	0.000000	0.00347793 -0.0329516 0.05582
atom	13.996888	10.572969	5.319436	H	0.000000	0.000000	-0.0125462 0.0177561 0.0450394
atom	10.596630	15.389136	2.993744	H	0.000000	0.000000	-0.0157666 0.0431461 0.0689409
atom	4.833143	1.357087	2.227039	H	0.000000	0.000000	-0.0174532 0.0396251 0.0506279
atom	12.239434	13.077024	7.548104	H	0.000000	0.000000	0.0128322 0.00517201 -0.0396262
atom	7.088068	4.684954	3.790839	H	0.000000	0.000000	0.0143479 -0.0393105 -0.0132728
atom	7.706434	9.311714	7.161901	H	0.000000	0.000000	0.0183065 -0.0231212 0.0147427
atom	14.418770	9.325911	13.109523	H	0.000000	0.000000	0.0478142 -0.0400337 -0.0447046
atom	8.732334	0.673605	2.075357	H	0.000000	0.000000	0.00087077 0.0541765 -0.0236101
atom	6.509727	7.352478	5.274057	H	0.000000	0.000000	-0.0712423 0.0219157 -0.014213
atom	10.780945	10.268083	6.221688	H	0.000000	0.000000	0.0192163 0.0250357 0.00171324
atom	2.603984	11.636781	1.310834	H	0.000000	0.000000	-0.0310228 0.00782169 -0.0128957
atom	14.042458	15.458662	4.275901	H	0.000000	0.000000	-0.0120466 0.0121651 0.0343306
atom	10.889497	12.350058	12.062836	H	0.000000	0.000000	-0.0409748 0.0487949 0.0177709
atom	8.712747	9.652390	1.272881	H	0.000000	0.000000	0.0173713 0.0198719 -0.0222042
atom	2.072757	17.401128	10.179631	H	0.000000	0.000000	-0.0086556 -0.0350733 0.00360153
atom	16.893617	13.451240	5.261278	H	0.000000	0.000000	-0.078712 0.014774 0.0326987
atom	11.355168	16.501047	14.379387	H	0.000000	0.000000	-0.0268615 -0.00317012 0.0332551
atom	15.937029	4.794863	0.678910	H	0.000000	0.000000	0.0208794 0.0118359 -0.013652
atom	15.402556	0.852096	10.362847	H	0.000000	0.000000	-0.0189976 0.0179258 0.0349339
atom	10.020115	12.668052	15.908114	H	0.000000	0.000000	-0.0211923 0.0283652 -0.0144584
atom	10.620059	15.671723	8.184481	H	0.000000	0.000000	-0.0172039 -0.0708615 0.064952
atom	10.728020	10.078112	16.712708	H	0.000000	0.000000	-0.0352562 -0.0298016 0.0416223
atom	3.246939	15.808167	0.873540	H	0.000000	0.000000	0.00227713 -0.0317858 0.00481931
atom	1.808683	10.195546	16.047499	H	0.000000	0.000000	-0.0046468 0.00163693 -0.00902406
atom	10.411304	6.179896	3.909469	H	0.000000	0.000000	0.0870912 0.0417108 0.0409663
atom	10.150540	2.940989	4.328979	H	0.000000	0.000000	-0.0122494 -0.00879955 0.0109872
atom	1.994683	14.551463	16.545208	H	0.000000	0.000000	0.00860178 -0.0190154 -0.00591632
atom	10.066079	9.385615	8.627403	H	0.000000	0.000000	-0.02884 0.106696 0.0104583
atom	16.512749	8.147066	5.181528	H	0.000000	0.000000	0.0507448 -0.0131552 -0.00559772
atom	9.329143	9.461435	4.218846	H	0.000000	0.000000	0.0332773 0.0615914 0.0199646
atom	11.535594	10.098456	14.233668	H	0.000000	0.000000	-0.0261723 -0.018496 0.00624353
atom	16.859205	2.431788	7.152815	H	0.000000	0.000000	-0.0238391 0.0238612 -0.0114195
atom	15.793665	15.667183	12.218464	H	0.000000	0.000000	-0.00940392 0.00408121 -0.0556658
atom	4.326353	8.987329	7.399272	H	0.000000	0.000000	0.0579802 0.0383707 0.160695
atom	4.936301	10.421968	14.064790	H	0.000000	0.000000	-0.00457636 0.0157142 0.0338958
atom	13.376816	11.302010	8.747748	H	0.000000	0.000000	0.0340586 -0.0257314 0.0144129
atom	15.687506	12.723221	12.565130	H	0.000000	0.000000	0.0288376 -0.0385028 -0.001812
atom	3.666026	14.046325	7.458847	H	0.000000	0.000000	-0.0321206 -0.00794167 -0.0347503
atom	2.640874	0.021660	4.320172	H	0.000000	0.000000	0.0240819 0.000516832 -0.0246585
atom	1.503846	5.893849	2.288502	H	0.000000	0.000000	0.0015603 -0.041683 -0.0904272
atom	4.272394	14.780714	3.355416	H	0.000000	0.000000	0.0409956 -0.025197 0.0059744
atom	3.804822	12.673022	4.607593	H	0.000000	0.000000	0.00627652 0.00232507 0.0126643
atom	11.822628	1.713427	13.727238	H	0.000000	0.000000	0.0174014 0.0197465 0.00391996
atom	15.897700	16.688077	6.124505	H	0.000000	0.000000	0.0189129 0.00772084 0.00415198
atom	0.083275	10.498734	3.572527	H	0.000000	0.000000	-0.00778923 -0.0518531 -0.00632225
atom	14.941528	0.785921	16.693224	H	0.000000	0.000000	-0.00436992 -0.00909847 -0.0108805
atom	8.511708	16.563215	11.421394	H	0.000000	0.000000	-0.044593 -0.0757942 -0.0109279
atom	8.194183	6.183932	6.085549	H	0.000000	0.000000	0.0487022 -0.0144698 0.0128989
atom	16.627987	9.460036	8.135824	H	0.000000	0.000000	0.0434955 -0.0162448 0.0239062
atom	9.126239	17.451590	13.158088	H	0.000000	0.000000	-0.0340295 -0.0159669 -0.0357829
atom	13.995026	10.106485	16.195445	H	0.000000	0.000000	0.0213603 0.00184284 -0.0123361
atom	13.527454	5.913149	12.452730	H	0.000000	0.000000	0.0280022 -0.0383451 0.0164598
atom	4.821920	14.200224	10.290164	H	0.000000	0.000000	0.012795 0.0250865 0.0125003
atom	11.940937	0.870984	4.064465	H	0.000000	0.000000	-0.0259912 0.0378312 -0.0104452
atom	12.980624	15.839680	0.091946	H	0.000000	0.000000	0.0103355 0.0273768 -0.0147839
atom	7.869573	16.727612	7.290547	H	0.000000	0.000000	-0.0378954 0.0510226 0.029831
atom	10.561572	13.297420	5.453252	H	0.000000	0.000000	-0.0610002 0.0540257 0.0415407
atom	10.615598	15.546477	1.115659	H	0.000000	0.000000	-0.0318425 -0.00844727 -0.0995749
atom	11.286797	3.627331	12.004391	H	0.000000	0.000000	-0.0390614 -0.00614102 -0.0428813
atom	14.996502	8.092751	7.455053	H	0.000000	0.000000	-0.0184521 -0.0535116 0.0653155
atom	6.713229	7.293167	16.808073	H	0.000000	0.000000	0.0157988 -0.0164291 0.0359357
atom	3.745193	4.365695	10.092319	H	0.000000	0.000000	-0.0453096 0.0224278 -0.0220932
atom	8.406375	15.114468	14.637097	H	0.000000	0.000000	-0.0244262 -0.0235774 -0.0137042
atom	13.386897	8.455065	0.611365	H	0.000000	0.000000	-0.0227763 -0.0383712 -0.0399521
atom	5.574614	9.538729	0.310924	H	0.000000	0.000000	0.00251763 0.00480615 -0.0238091
atom	5.840415	15.620824	13.793109	H	0.000000	0.000000	-0.0103895 0.0174559 -0.0801573
atom	4.146032	13.288847	15.505378	H	0.000000	0.000000	-0.00897179 -0.0702987 -0.0180635
atom	11.563726	12.360752	4.228898	H	0.000000	0.000000	0.00922864 -0.021745 -0.0294893
atom	13.651494	1.478587	12.319665	H	0.000000	0.000000	0.00797118 0.00669509 -0.0292919
atom	15.174778	9.497477	2.751094	H	0.000000	0.000000	-1.16275e-05 -0.0135027 -0.0449459
atom	12.824403	12.480998	13.711023	H	0.000000	0.000000	-0.0022697 0.0322979 0.0300683
atom	11.903159	8.815737	8.613777	O	0.000000	0.000000	0.0426232 -0.168593 0.0631584
atom	6.150706	8.677912	14.213177	O	0.000000	0.000000	0.0636114 -0.0659274 0.119597
atom	0.772245	8.651434	14.530871	O	0.000000	0.000000	-0.062104 -0.117706 0.111411
atom	12.018397	3.272214	14.723125	O	0.000000	0.000000	0.0645596 -0.195863 0.0868896
atom	6.342258	2.669575	14.559175	O	0.000000	0.000000	-0.121941 -0.0664628 0.119366
atom	0.365194	2.760830	14.797330	O	0.000000	0.000000	0.0816078 -0.0504871 -0.0606919
atom	12.018210	14.297454	8.948647	O	0.000000	0.000000	0.0153551 0.0998992 0.00194051
atom	11.728878	8.284808	14.581737	O	0.000000	0.000000	0.107661 0.0420638 -0.0155834
atom	6.187679	14.494359	8.679101	O	0.000000	0.000000	-0.0169279 0.032608 0.0422646
atom	0.130628	14.387752	9.177868	O	0.000000	0.000000	0.0577589 -0.083386 0.14098
atom	5.912306	8.590885	8.879359	O	0.000000	0.000000	0.181565 -0.0615056 0.0196041
atom	6.201496	13.916092	2.871116	O	0.000000	0.000000	-0.0798296 0.110904 -0.0310136
atom	11.917370	2.722283	9.570439	O	0.000000	0.000000	-0.0190825 -0.0030968 -0.153738
atom	5.882114	2.222051	8.634565	O	0.000000	0.000000	0.0369001 0.0747895 -0.0504222
atom	0.058124	2.417963	8.915146	O	0.000000	0.000000	0.0594718 0.0199421 -0.0885049
atom	12.209472	14.038087	3.235312	O	0.000000	0.000000	0.0284463 0.074753 -0.00943928
atom	17.377573	14.157004	2.815816	O	0.000000	0.000000	-0.00751463 0.114221 0.00538711
atom	11.786032	8.655424	3.360727	O	0.000000	0.000000	0.0729645 0.0200458 -0.019991
atom	6.630298	8.767298	3.304326	O	0.000000	0.000000	-0.0773707 -0.0266674 -0.0240031
atom	0.266307	8.361824	2.921754	O	0.000000	0.000000	0.103873 0.110127 0.0634287
atom	11.921816	2.728951	2.923801	O	0.000000	0.000000	-0.0715437 -0.0513197 0.200295
atom	6.495383	2.659195	3.232946	O	0.000000	0.000000	-0.0517027 -0.0532527 -0.0797057
atom	0.479559	14.220563	14.393267	O	0.000000	0.000000	-0.0610058 0.0137939 0.0577773
atom	0.692879	8.391472	8.654316	O	0.000000	0.000000	-0.049524 0.0506838 0.00656527
atom	6.536063	14.594931	14.981332	O	0.000000	0.000000	0.0176516 -0.1275 -0.0532288
atom	3.388358	11.470611	14.489668	O	0.000000	0.000000	0.026632 0.139358 0.0205051
atom	3.140220	17.297767	2.493045	O	0.000000	0.000000	0.0532842 -0.0530273 0.0590683
atom	0.526631	2.820144	3.048045	O	0.000000	0.000000	-0.135687 0.0885486 0.020108
atom	15.403317	5.656962	14.615235	O	0.000000	0.000000	0.00546979 0.26868 0.122288
atom	8.727337	5.410207	14.606576	O	0.000000	0.000000	-0.122621 0.203646 -0.0788284
atom	3.204686	5.614618	14.702145	O	0.000000	0.000000	0.0536428 -0.0181688 0.0384285
atom	14.520755	17.068696	14.758605	O	0.000000	0.000000	-0.0085539 -0.0153923 -0.0550094
atom	9.518075	17.294002	14.858297	O	0.000000	0.000000	0.0499973 0.0304102 -0.0446533
atom	3.497066	16.643063	14.739551	O	0.000000	0.000000	-0.0258934 0.189929 0.169984
atom	15.133580	10.906846	9.237347	O	0.000000	0.000000	-0.0446594 0.0948024 -0.166726
atom	9.057092	11.587915	8.601978	O	0.000000	0.000000	0.0232545 -0.0794355 0.0332709
atom	3.535850	11.500369	8.666777	O	0.000000	0.000000	-0.0579264 0.0567208 0.0700813
atom	15.224298	5.584441	8.938651	O	0.000000	0.000000	-0.0575231 0.00462115 -0.114908
atom	11.950266	14.318994	14.517647	O	0.000000	0.000000	0.101658 -0.0907557 -0.0173965
atom	8.873997	5.238171	8.879242	O	0.000000	0.000000	-0.0221888 0.135223 0.0417107
atom	15.120393	17.057236	9.066222	O	0.000000	0.000000	-0.144165 0.0442063 -0.0644766
atom	8.807273	0.030481	8.823081	O	0.000000	0.000000	0.0751101 -0.18383 -0.090806
atom	3.149187	16.831745	8.616264	O	0.000000	0.000000	-0.0552897 0.0536195 -0.00371903
atom	15.215353	11.351341	2.841129	O	0.000000	0.000000	-0.121052 0.0272692 0.1023
atom	9.236554	11.445813	3.055080	O	0.000000	0.000000	0.0156973 0.06499 0.00663939
atom	2.979075	11.114372	3.092859	O	0.000000	0.000000	0.104187 0.0650995 0.00776072
atom	14.775206	5.550856	3.061067	O	0.000000	0.000000	0.0794878 -0.00179513 0.128039
atom	9.250651	5.408867	3.023710	O	0.000000	0.000000	-0.0684489 0.0299177 -0.0386882
atom	3.897991	5.801678	3.399771	O	0.000000	0.000000	-0.133086 0.037304 -0.00547228
atom	14.877084	0.155004	3.258169	O	0.000000	0.000000	-0.0142744 -0.181154 0.0167522
atom	8.908232	16.974484	3.317225	O	0.000000	0.000000	0.111944 -0.0671255 -0.00366817
atom	3.418423	5.649017	8.289139	O	0.000000	0.000000	-0.0454444 -0.139382 0.175338
atom	14.874616	13.993395	11.606730	O	0.000000	0.000000	-0.027577 0.100283 0.0991743
atom	0.164132	17.274739	16.996467	O	0.000000	0.000000	0.0587268 0.0769147 -0.0952891
atom	3.486801	14.549446	11.648114	O	0.000000	0.000000	-0.0476767 -0.118532 -0.0214428
atom	5.768420	5.074070	11.350833	O	0.000000	0.000000	0.0673877 0.123996 0.0514554
atom	0.460114	5.241239	11.732035	O	0.000000	0.000000	0.0152152 0.0330005 -0.127538
atom	11.942620	17.266698	11.554587	O	0.000000	0.000000	0.0265952 -0.081736 0.0449125
atom	5.976921	17.418216	11.762555	O	0.000000	0.000000	0.0143424 -0.0147011 -0.0376513
atom	0.462001	17.206727	11.953471	O	0.000000	0.000000	-0.0639998 -0.0112044 0.0368252
atom	12.360299	11.459460	6.380032	O	0.000000	0.000000	-0.0794361 -0.0514077 -0.131009
atom	6.372781	11.820798	6.019357	O	0.000000	0.000000	-0.109056 -0.0163216 -0.0714924
atom	0.389200	11.498566	6.258889	O	0.000000	0.000000	-0.0167565 -0.110317 -0.0662097
atom	12.047029	5.675905	6.360136	O	0.000000	0.000000	-0.0618805 0.00186309 -0.0989239
atom	6.515390	5.502106	5.881917	O	0.000000	0.000000	-0.0229668 0.0542889 -0.0235302
atom	0.276165	5.862023	5.791714	O	0.000000	0.000000	0.00547304 -0.0658191 -0.0188418
atom	12.001367	17.334162	6.316996	O	0.000000	0.000000	0.0679795 -0.0259655 -0.0996835
atom	5.954979	16.939333	5.765309	O	0.000000	0.000000	-0.00712314 0.0140449 -0.0672883
atom	0.081229	0.239314	5.867169	O	0.000000	0.000000	0.024937 -0.0992782 0.0345371
atom	11.837723	11.485421	17.307416	O	0.000000	0.000000	0.0187392 -0.0154702 0.084951
atom	6.316244	11.212440	17.408076	O	0.000000	0.000000	-0.0534555 0.00315031 0.0821876
atom	0.404613	11.331229	0.114452	O	0.000000	0.000000	0.0703156 0.0991222 -0.0764085
atom	12.511498	5.610924	0.359742	O	0.000000	0.000000	-0.148098 0.0789133 -0.0721911
atom	6.283354	5.352884	0.319404	O	0.000000	0.000000	-0.0392579 0.08922 -0.0139715
atom	0.204664	5.702034	0.394415	O	0.000000	0.000000	0.0480431 -0.0522684 -0.0152247
atom	11.970576	17.314173	0.437907	O	0.000000	0.000000	-0.0299181 -0.0480851 0.0114895
atom	6.751726	17.423637	17.386898	O	0.000000	0.000000	-0.179858 0.109462 0.164722
atom	9.120883	11.687709	14.449541	O	0.000000	0.000000	-0.00926588 -0.108316 0.0221421
atom	11.611163	5.406127	12.242275	O	0.000000	0.000000	0.0757216 0.15836 -0.137795
atom	0.160604	11.291990	12.057655	O	0.000000	0.000000	0.116259 0.0226435 -0.112222
atom	6.412006	11.404996	11.359113	O	0.000000	0.000000	-0.022011 0.0055666 0.160646
atom	12.015451	11.301454	11.343683	O	0.000000	0.000000	0.131011 0.0916202 0.122215
atom	15.184036	7.988530	11.525359	O	0.000000	0.000000	-0.155805 0.110014 0.108966
atom	9.166712	8.526075	11.724360	O	0.000000	0.000000	-0.0808168 -0.00556653 -0.0599551
atom	3.493715	8.523641	11.617052	O	0.000000	0.000000	-0.052803 -0.0180654 -0.10527
atom	14.721566	2.915682	11.646058	O	0.000000	0.000000	0.072778 -0.0873254 0.0754502
atom	8.839681	2.620498	11.827798	O	0.000000	0.000000	0.0731975 -0.0246133 0.00396566
atom	2.914404	2.551822	11.257075	O	0.000000	0.000000	0.0345205 -0.000414136 0.0876042
atom	15.045694	13.934546	6.294183	O	0.000000	0.000000	-0.0108009 0.112454 -0.0954255
atom	9.134157	14.335111	6.132790	O	0.000000	0.000000	0.0743535 0.0627794 -0.0428115
atom	2.756482	14.368608	5.765438	O	0.000000	0.000000	0.0909392 0.0190049 -0.0485887
atom	14.951715	8.720573	5.862080	O	0.000000	0.000000	-0.00519258 -0.00899998 -0.0429599
atom	9.138740	8.412766	6.122201	O	0.000000	0.000000	-0.0330072 0.0453152 -0.0152486
atom	9.065364	14.502619	11.887248	O	0.000000	0.000000	-0.00949559 0.0410261 -0.10727
atom	3.622276	8.722575	5.998305	O	0.000000	0.000000	-0.145833 -0.0637406 -0.257076
atom	8.889555	2.512963	6.206582	O	0.000000	0.000000	0.182802 0.0431089 -0.10353
atom	3.381846	2.522328	5.657103	O	0.000000	0.000000	-0.00955769 -0.0837193 0.0636828
atom	14.696594	14.214656	0.138711	O	0.000000	0.000000	0.0122187 0.106073 -0.0205802
atom	9.223109	14.558786	17.343876	O	0.000000	0.000000	0.0638847 -0.106268 0.165042
atom	3.137867	13.897173	0.378924	O	0.000000	0.000000	0.0220732 0.0872839 -0.0662507
atom	15.070352	8.612131	0.409921	O	0.000000	0.000000	-0.0219263 -0.0054012 -0.0758306
atom	9.159491	8.397523	17.369832	O	0.000000	0.000000	-0.0373448 -0.00549189 0.0514511
atom	3.250998	8.683662	0.212953	O	0.000000	0.000000	0.0764573 -0.0741088 -0.00934421
atom	14.640185	2.312648	0.282038	O	0.000000	0.000000	0.162551 0.0976878 -0.0307049
atom	9.298872	2.731356	17.457592	O	0.000000	0.000000	-0.0590207 -0.0146177 0.0464272
atom	3.020309	2.848837	0.590444	O	0.000000	0.000000	0.150506 -0.107921 -0.0773477
atom	14.688486	2.901484	6.024139	O	0.000000	0.000000	-0.0286327 -0.0536474 0.027681
atom	14.789402	11.359760	14.955560	O	0.000000	0.000000	-0.00864473 -0.0455453 -0.0944518
energy		 -34.49876854
charge            0.00000
end
begin
comment AIRSS data using PBE DFT
lattice		17.461069	0.000000	0.000000
lattice		0.000000	17.461069	0.000000
lattice		0.000000	0.000000	17.461069
atom	1.455089	1.455089	1.455089	H	0.000000	0.000000	1.75022e-08 1.78912e-08 1.73077e-08
atom	13.095802	4.365267	1.455089	H	0.000000	0.000000	-3.88938e-10 0 1.75022e-08
atom	1.455089	10.185624	1.455089	H	0.000000	0.000000	1.73077e-08 1.71133e-08 1.65299e-08
atom	7.275446	10.185624	1.455089	H	0.000000	0.000000	-1.78912e-08 1.69188e-08 1.78912e-08
atom	13.095802	10.185624	1.455089	H	0.000000	0.000000	1.94469e-10 1.76967e-08 1.73077e-08
atom	1.455089	16.005980	1.455089	H	0.000000	0.000000	1.69188e-08 -1.73077e-08 1.76967e-08
atom	7.275446	16.005980	1.455089	H	0.000000	0.000000	-1.69188e-08 -1.71133e-08 1.76967e-08
atom	13.095802	16.005980	1.455089	H	0.000000	0.000000	-7.77876e-10 -1.71133e-08 1.73077e-08
atom	1.455089	4.365267	7.275446	H	0.000000	0.000000	1.73077e-08 0 -1.67243e-08
atom	7.275446	4.365267	7.275446	H	0.000000	0.000000	-1.78912e-08 -1.94469e-10 -1.73077e-08
atom	13.095802	4.365267	7.275446	H	0.000000	0.000000	-1.94469e-10 -5.83407e-10 -1.75022e-08
atom	1.455089	10.185624	7.275446	H	0.000000	0.000000	1.71133e-08 1.75022e-08 -1.80856e-08
atom	7.275446	10.185624	7.275446	H	0.000000	0.000000	-1.80856e-08 1.73077e-08 -1.69188e-08
atom	13.095802	10.185624	7.275446	H	0.000000	0.000000	-1.94469e-10 1.76967e-08 -1.76967e-08
atom	1.455089	16.005980	7.275446	H	0.000000	0.000000	1.71133e-08 -1.69188e-08 -1.71133e-08
atom	7.275446	16.005980	7.275446	H	0.000000	0.000000	-1.73077e-08 -1.71133e-08 -1.75022e-08
atom	13.095802	16.005980	7.275446	H	0.000000	0.000000	-1.94469e-10 -1.65299e-08 -1.67243e-08
atom	1.455089	4.365267	13.095802	H	0.000000	0.000000	1.76967e-08 -3.88938e-10 1.94469e-10
atom	7.275446	4.365267	13.095802	H	0.000000	0.000000	-1.80856e-08 3.88938e-10 1.94469e-10
atom	13.095802	4.365267	13.095802	H	0.000000	0.000000	-1.94469e-10 0 3.88938e-10
atom	1.455089	10.185624	13.095802	H	0.000000	0.000000	1.67243e-08 1.69188e-08 1.94469e-10
atom	7.275446	10.185624	13.095802	H	0.000000	0.000000	-1.73077e-08 1.75022e-08 3.88938e-10
atom	13.095802	10.185624	13.095802	H	0.000000	0.000000	-3.88938e-10 1.78912e-08 1.94469e-10
atom	1.455089	16.005980	13.095802	H	0.000000	0.000000	1.69188e-08 -1.71133e-08 0
atom	7.275446	4.365267	1.455089	H	0.000000	0.000000	-1.76967e-08 1.94469e-10 1.69188e-08
atom	7.275446	16.005980	13.095802	H	0.000000	0.000000	-1.78912e-08 -1.65299e-08 -1.94469e-10
atom	1.455089	4.365267	1.455089	H	0.000000	0.000000	1.76967e-08 0 1.73077e-08
atom	7.275446	13.095802	16.005980	H	0.000000	0.000000	-1.75022e-08 1.94469e-10 -1.75022e-08
atom	13.095802	1.455089	4.365267	H	0.000000	0.000000	-3.88938e-10 1.73077e-08 -1.94469e-10
atom	1.455089	7.275446	4.365267	H	0.000000	0.000000	1.75022e-08 -1.71133e-08 -9.72345e-10
atom	7.275446	7.275446	4.365267	H	0.000000	0.000000	-1.78912e-08 -1.82801e-08 -5.83407e-10
atom	13.095802	7.275446	4.365267	H	0.000000	0.000000	-1.94469e-10 -1.75022e-08 -1.94469e-10
atom	1.455089	13.095802	4.365267	H	0.000000	0.000000	1.71133e-08 3.88938e-10 0
atom	7.275446	13.095802	4.365267	H	0.000000	0.000000	-1.71133e-08 1.94469e-10 5.83407e-10
atom	13.095802	13.095802	4.365267	H	0.000000	0.000000	0 0 -9.72345e-10
atom	1.455089	1.455089	10.185624	H	0.000000	0.000000	1.82801e-08 1.75022e-08 1.82801e-08
atom	7.275446	1.455089	10.185624	H	0.000000	0.000000	-1.82801e-08 1.75022e-08 1.71133e-08
atom	13.095802	1.455089	10.185624	H	0.000000	0.000000	0 1.73077e-08 1.73077e-08
atom	1.455089	7.275446	10.185624	H	0.000000	0.000000	1.76967e-08 -1.78912e-08 1.76967e-08
atom	7.275446	7.275446	10.185624	H	0.000000	0.000000	-1.78912e-08 -1.73077e-08 1.80856e-08
atom	13.095802	7.275446	10.185624	H	0.000000	0.000000	-5.83407e-10 -1.75022e-08 1.80856e-08
atom	1.455089	13.095802	10.185624	H	0.000000	0.000000	1.69188e-08 5.83407e-10 1.75022e-08
atom	7.275446	13.095802	10.185624	H	0.000000	0.000000	-1.82801e-08 5.83407e-10 1.76967e-08
atom	13.095802	13.095802	10.185624	H	0.000000	0.000000	-7.77876e-10 5.83407e-10 1.78912e-08
atom	1.455089	1.455089	16.005980	H	0.000000	0.000000	1.75022e-08 1.78912e-08 -1.71133e-08
atom	7.275446	1.455089	16.005980	H	0.000000	0.000000	-1.67243e-08 1.80856e-08 -1.75022e-08
atom	13.095802	1.455089	16.005980	H	0.000000	0.000000	-1.94469e-10 1.73077e-08 -1.71133e-08
atom	1.455089	7.275446	16.005980	H	0.000000	0.000000	1.75022e-08 -1.73077e-08 -1.71133e-08
atom	7.275446	7.275446	16.005980	H	0.000000	0.000000	-1.78912e-08 -1.78912e-08 -1.69188e-08
atom	13.095802	7.275446	16.005980	H	0.000000	0.000000	0 -1.75022e-08 -1.67243e-08
atom	1.455089	13.095802	16.005980	H	0.000000	0.000000	1.69188e-08 -1.94469e-10 -1.71133e-08
atom	13.095802	13.095802	16.005980	H	0.000000	0.000000	0 1.94469e-10 -1.69188e-08
atom	4.365267	1.455089	1.455089	H	0.000000	0.000000	-3.88938e-10 1.80856e-08 1.76967e-08
atom	10.185624	1.455089	1.455089	H	0.000000	0.000000	1.65299e-08 1.71133e-08 1.69188e-08
atom	16.005980	1.455089	1.455089	H	0.000000	0.000000	-1.76967e-08 1.75022e-08 1.75022e-08
atom	10.185624	10.185624	4.365267	H	0.000000	0.000000	1.75022e-08 1.75022e-08 -1.94469e-10
atom	16.005980	10.185624	4.365267	H	0.000000	0.000000	-1.73077e-08 1.75022e-08 -5.83407e-10
atom	4.365267	16.005980	4.365267	H	0.000000	0.000000	0 -1.65299e-08 1.94469e-10
atom	10.185624	16.005980	4.365267	H	0.000000	0.000000	1.71133e-08 -1.67243e-08 -3.88938e-10
atom	16.005980	16.005980	4.365267	H	0.000000	0.000000	-1.73077e-08 -1.67243e-08 -5.83407e-10
atom	4.365267	4.365267	10.185624	H	0.000000	0.000000	0 -1.94469e-10 1.82801e-08
atom	10.185624	4.365267	10.185624	H	0.000000	0.000000	1.71133e-08 0 1.73077e-08
atom	16.005980	4.365267	10.185624	H	0.000000	0.000000	-1.69188e-08 -1.94469e-10 1.78912e-08
atom	4.365267	10.185624	10.185624	H	0.000000	0.000000	3.88938e-10 1.71133e-08 1.78912e-08
atom	10.185624	10.185624	10.185624	H	0.000000	0.000000	1.65299e-08 1.75022e-08 1.84746e-08
atom	16.005980	10.185624	10.185624	H	0.000000	0.000000	-1.75022e-08 1.78912e-08 1.78912e-08
atom	4.365267	16.005980	10.185624	H	0.000000	0.000000	0 -1.69188e-08 1.76967e-08
atom	10.185624	16.005980	10.185624	H	0.000000	0.000000	1.71133e-08 -1.73077e-08 1.75022e-08
atom	16.005980	16.005980	10.185624	H	0.000000	0.000000	-1.76967e-08 -1.67243e-08 1.76967e-08
atom	4.365267	4.365267	16.005980	H	0.000000	0.000000	-1.94469e-10 7.77876e-10 -1.71133e-08
atom	10.185624	4.365267	16.005980	H	0.000000	0.000000	1.67243e-08 -1.94469e-10 -1.71133e-08
atom	16.005980	4.365267	16.005980	H	0.000000	0.000000	-1.75022e-08 -1.94469e-10 -1.73077e-08
atom	4.365267	10.185624	16.005980	H	0.000000	0.000000	-5.83407e-10 1.69188e-08 -1.67243e-08
atom	10.185624	10.185624	16.005980	H	0.000000	0.000000	1.71133e-08 1.76967e-08 -1.75022e-08
atom	16.005980	10.185624	16.005980	H	0.000000	0.000000	-1.71133e-08 1.73077e-08 -1.69188e-08
atom	4.365267	16.005980	16.005980	H	0.000000	0.000000	-1.94469e-10 -1.71133e-08 -1.75022e-08
atom	10.185624	16.005980	16.005980	H	0.000000	0.000000	1.73077e-08 -1.63354e-08 -1.67243e-08
atom	16.005980	16.005980	16.005980	H	0.000000	0.000000	-1.76967e-08 -1.71133e-08 -1.75022e-08
atom	4.365267	10.185624	4.365267	H	0.000000	0.000000	-1.94469e-10 1.73077e-08 -3.88938e-10
atom	16.005980	4.365267	4.365267	H	0.000000	0.000000	-1.78912e-08 -1.94469e-10 -1.94469e-10
atom	10.185624	4.365267	4.365267	H	0.000000	0.000000	1.67243e-08 0 -1.94469e-10
atom	4.365267	4.365267	4.365267	H	0.000000	0.000000	0 3.88938e-10 -3.88938e-10
atom	4.365267	7.275446	1.455089	H	0.000000	0.000000	-1.94469e-10 -1.73077e-08 1.69188e-08
atom	10.185624	7.275446	1.455089	H	0.000000	0.000000	1.67243e-08 -1.78912e-08 1.75022e-08
atom	16.005980	7.275446	1.455089	H	0.000000	0.000000	-1.75022e-08 -1.71133e-08 1.71133e-08
atom	4.365267	13.095802	1.455089	H	0.000000	0.000000	-3.88938e-10 1.94469e-10 1.73077e-08
atom	10.185624	13.095802	1.455089	H	0.000000	0.000000	1.75022e-08 3.88938e-10 1.76967e-08
atom	16.005980	13.095802	1.455089	H	0.000000	0.000000	-1.76967e-08 -3.88938e-10 1.71133e-08
atom	4.365267	1.455089	7.275446	H	0.000000	0.000000	1.94469e-10 1.75022e-08 -1.71133e-08
atom	10.185624	1.455089	7.275446	H	0.000000	0.000000	1.71133e-08 1.75022e-08 -1.75022e-08
atom	16.005980	1.455089	7.275446	H	0.000000	0.000000	-1.78912e-08 1.75022e-08 -1.71133e-08
atom	4.365267	7.275446	7.275446	H	0.000000	0.000000	-1.94469e-10 -1.76967e-08 -1.75022e-08
atom	10.185624	7.275446	7.275446	H	0.000000	0.000000	1.69188e-08 -1.76967e-08 -1.73077e-08
atom	7.275446	1.455089	4.365267	H	0.000000	0.000000	-1.78912e-08 1.73077e-08 -1.94469e-10
atom	16.005980	7.275446	7.275446	H	0.000000	0.000000	-1.75022e-08 -1.73077e-08 -1.76967e-08
atom	10.185624	13.095802	7.275446	H	0.000000	0.000000	1.69188e-08 5.83407e-10 -1.73077e-08
atom	16.005980	13.095802	7.275446	H	0.000000	0.000000	-1.75022e-08 3.88938e-10 -1.75022e-08
atom	4.365267	1.455089	13.095802	H	0.000000	0.000000	-1.94469e-10 1.78912e-08 -3.88938e-10
atom	10.185624	1.455089	13.095802	H	0.000000	0.000000	1.73077e-08 1.73077e-08 3.88938e-10
atom	16.005980	1.455089	13.095802	H	0.000000	0.000000	-1.73077e-08 1.75022e-08 3.88938e-10
atom	4.365267	7.275446	13.095802	H	0.000000	0.000000	-1.94469e-10 -1.78912e-08 0
atom	10.185624	7.275446	13.095802	H	0.000000	0.000000	1.65299e-08 -1.73077e-08 1.94469e-10
atom	16.005980	7.275446	13.095802	H	0.000000	0.000000	-1.71133e-08 -1.73077e-08 5.83407e-10
atom	4.365267	13.095802	13.095802	H	0.000000	0.000000	-1.94469e-10 3.88938e-10 5.83407e-10
atom	10.185624	13.095802	13.095802	H	0.000000	0.000000	1.67243e-08 -3.88938e-10 1.94469e-10
atom	16.005980	13.095802	13.095802	H	0.000000	0.000000	-1.76967e-08 0 3.88938e-10
atom	4.365267	13.095802	7.275446	H	0.000000	0.000000	1.94469e-10 1.94469e-10 -1.71133e-08
atom	1.455089	1.455089	4.365267	H	0.000000	0.000000	1.71133e-08 1.75022e-08 0
atom	13.095802	16.005980	13.095802	H	0.000000	0.000000	0 -1.71133e-08 -3.88938e-10
atom	10.185624	16.005980	13.095802	H	0.000000	0.000000	1.69188e-08 -1.67243e-08 -1.94469e-10
atom	13.095802	4.365267	4.365267	H	0.000000	0.000000	0 -1.94469e-10 -3.88938e-10
atom	1.455089	10.185624	4.365267	H	0.000000	0.000000	1.69188e-08 1.71133e-08 -1.94469e-10
atom	7.275446	10.185624	4.365267	H	0.000000	0.000000	-1.80856e-08 1.76967e-08 -3.88938e-10
atom	13.095802	10.185624	4.365267	H	0.000000	0.000000	-1.94469e-10 1.78912e-08 -5.83407e-10
atom	1.455089	16.005980	4.365267	H	0.000000	0.000000	1.69188e-08 -1.69188e-08 -3.88938e-10
atom	7.275446	16.005980	4.365267	H	0.000000	0.000000	-1.71133e-08 -1.65299e-08 0
atom	13.095802	16.005980	4.365267	H	0.000000	0.000000	-7.77876e-10 -1.69188e-08 -5.83407e-10
atom	1.455089	4.365267	10.185624	H	0.000000	0.000000	1.76967e-08 1.94469e-10 1.76967e-08
atom	7.275446	4.365267	10.185624	H	0.000000	0.000000	-1.84746e-08 1.94469e-10 1.73077e-08
atom	13.095802	4.365267	10.185624	H	0.000000	0.000000	-5.83407e-10 -3.88938e-10 1.80856e-08
atom	1.455089	10.185624	10.185624	H	0.000000	0.000000	1.75022e-08 1.73077e-08 1.82801e-08
atom	7.275446	10.185624	10.185624	H	0.000000	0.000000	-1.78912e-08 1.69188e-08 1.78912e-08
atom	13.095802	10.185624	10.185624	H	0.000000	0.000000	-1.94469e-10 1.78912e-08 1.78912e-08
atom	1.455089	16.005980	10.185624	H	0.000000	0.000000	1.71133e-08 -1.69188e-08 1.75022e-08
atom	7.275446	16.005980	10.185624	H	0.000000	0.000000	-1.76967e-08 -1.69188e-08 1.78912e-08
atom	13.095802	16.005980	10.185624	H	0.000000	0.000000	0 -1.71133e-08 1.75022e-08
atom	1.455089	4.365267	16.005980	H	0.000000	0.000000	1.71133e-08 1.94469e-10 -1.75022e-08
atom	7.275446	4.365267	16.005980	H	0.000000	0.000000	-1.75022e-08 1.94469e-10 -1.69188e-08
atom	13.095802	4.365267	16.005980	H	0.000000	0.000000	-1.94469e-10 1.94469e-10 -1.76967e-08
atom	1.455089	10.185624	16.005980	H	0.000000	0.000000	1.71133e-08 1.73077e-08 -1.65299e-08
atom	7.275446	10.185624	16.005980	H	0.000000	0.000000	-1.73077e-08 1.73077e-08 -1.80856e-08
atom	13.095802	10.185624	16.005980	H	0.000000	0.000000	-1.94469e-10 1.71133e-08 -1.65299e-08
atom	1.455089	16.005980	16.005980	H	0.000000	0.000000	1.71133e-08 -1.71133e-08 -1.73077e-08
atom	1.455089	4.365267	4.365267	H	0.000000	0.000000	1.78912e-08 0 -7.77876e-10
atom	13.095802	13.095802	13.095802	H	0.000000	0.000000	3.88938e-10 1.94469e-10 0
atom	7.275446	13.095802	13.095802	H	0.000000	0.000000	-1.75022e-08 0 1.94469e-10
atom	1.455089	13.095802	13.095802	H	0.000000	0.000000	1.73077e-08 0 3.88938e-10
atom	16.005980	16.005980	13.095802	H	0.000000	0.000000	-1.75022e-08 -1.71133e-08 -1.94469e-10
atom	7.275446	1.455089	1.455089	H	0.000000	0.000000	-1.71133e-08 1.76967e-08 1.78912e-08
atom	13.095802	1.455089	1.455089	H	0.000000	0.000000	0 1.71133e-08 1.73077e-08
atom	1.455089	7.275446	1.455089	H	0.000000	0.000000	1.76967e-08 -1.73077e-08 1.73077e-08
atom	7.275446	7.275446	1.455089	H	0.000000	0.000000	-1.78912e-08 -1.76967e-08 1.75022e-08
atom	13.095802	7.275446	1.455089	H	0.000000	0.000000	-1.94469e-10 -1.71133e-08 1.67243e-08
atom	1.455089	13.095802	1.455089	H	0.000000	0.000000	1.67243e-08 1.94469e-10 1.69188e-08
atom	7.275446	13.095802	1.455089	H	0.000000	0.000000	-1.76967e-08 5.83407e-10 1.73077e-08
atom	13.095802	13.095802	1.455089	H	0.000000	0.000000	-1.94469e-10 0 1.76967e-08
atom	1.455089	1.455089	7.275446	H	0.000000	0.000000	1.73077e-08 1.71133e-08 -1.75022e-08
atom	7.275446	1.455089	7.275446	H	0.000000	0.000000	-1.80856e-08 1.78912e-08 -1.71133e-08
atom	7.275446	16.005980	16.005980	H	0.000000	0.000000	-1.76967e-08 -1.73077e-08 -1.73077e-08
atom	13.095802	1.455089	7.275446	H	0.000000	0.000000	-1.94469e-10 1.71133e-08 -1.71133e-08
atom	7.275446	7.275446	7.275446	H	0.000000	0.000000	-1.78912e-08 -1.75022e-08 -1.73077e-08
atom	13.095802	7.275446	7.275446	H	0.000000	0.000000	-5.83407e-10 -1.73077e-08 -1.76967e-08
atom	1.455089	13.095802	7.275446	H	0.000000	0.000000	1.69188e-08 3.88938e-10 -1.75022e-08
atom	7.275446	13.095802	7.275446	H	0.000000	0.000000	-1.76967e-08 5.83407e-10 -1.76967e-08
atom	13.095802	13.095802	7.275446	H	0.000000	0.000000	-1.94469e-10 3.88938e-10 -1.73077e-08
atom	1.455089	1.455089	13.095802	H	0.000000	0.000000	1.75022e-08 1.82801e-08 -3.88938e-10
atom	7.275446	1.455089	13.095802	H	0.000000	0.000000	-1.80856e-08 1.71133e-08 3.88938e-10
atom	13.095802	1.455089	13.095802	H	0.000000	0.000000	-3.88938e-10 1.76967e-08 1.94469e-10
atom	1.455089	7.275446	13.095802	H	0.000000	0.000000	1.73077e-08 -1.71133e-08 3.88938e-10
atom	7.275446	7.275446	13.095802	H	0.000000	0.000000	-1.78912e-08 -1.75022e-08 0
atom	13.095802	7.275446	13.095802	H	0.000000	0.000000	0 -1.78912e-08 3.88938e-10
atom	1.455089	7.275446	7.275446	H	0.000000	0.000000	1.78912e-08 -1.76967e-08 -1.69188e-08
atom	13.095802	16.005980	16.005980	H	0.000000	0.000000	0 -1.69188e-08 -1.67243e-08
atom	7.275446	4.365267	4.365267	H	0.000000	0.000000	-1.78912e-08 1.94469e-10 1.94469e-10
atom	4.365267	16.005980	13.095802	H	0.000000	0.000000	3.88938e-10 -1.69188e-08 1.94469e-10
atom	10.185624	4.365267	1.455089	H	0.000000	0.000000	1.67243e-08 1.94469e-10 1.73077e-08
atom	16.005980	4.365267	1.455089	H	0.000000	0.000000	-1.73077e-08 0 1.69188e-08
atom	4.365267	10.185624	1.455089	H	0.000000	0.000000	-5.83407e-10 1.65299e-08 1.73077e-08
atom	10.185624	10.185624	1.455089	H	0.000000	0.000000	1.75022e-08 1.75022e-08 1.71133e-08
atom	16.005980	10.185624	1.455089	H	0.000000	0.000000	-1.76967e-08 1.75022e-08 1.71133e-08
atom	4.365267	16.005980	1.455089	H	0.000000	0.000000	-1.94469e-10 -1.71133e-08 1.71133e-08
atom	10.185624	16.005980	1.455089	H	0.000000	0.000000	1.73077e-08 -1.69188e-08 1.76967e-08
atom	16.005980	16.005980	1.455089	H	0.000000	0.000000	-1.73077e-08 -1.69188e-08 1.76967e-08
atom	4.365267	4.365267	7.275446	H	0.000000	0.000000	3.88938e-10 1.94469e-10 -1.73077e-08
atom	16.005980	4.365267	7.275446	H	0.000000	0.000000	-1.75022e-08 -9.72345e-10 -1.75022e-08
atom	4.365267	10.185624	7.275446	H	0.000000	0.000000	1.94469e-10 1.71133e-08 -1.75022e-08
atom	10.185624	10.185624	7.275446	H	0.000000	0.000000	1.71133e-08 1.76967e-08 -1.76967e-08
atom	16.005980	10.185624	7.275446	H	0.000000	0.000000	-1.75022e-08 1.80856e-08 -1.75022e-08
atom	4.365267	16.005980	7.275446	H	0.000000	0.000000	-1.94469e-10 -1.65299e-08 -1.73077e-08
atom	10.185624	16.005980	7.275446	H	0.000000	0.000000	1.71133e-08 -1.71133e-08 -1.73077e-08
atom	16.005980	16.005980	7.275446	H	0.000000	0.000000	-1.76967e-08 -1.71133e-08 -1.69188e-08
atom	4.365267	4.365267	13.095802	H	0.000000	0.000000	-3.88938e-10 1.94469e-10 -1.94469e-10
atom	10.185624	4.365267	13.095802	H	0.000000	0.000000	1.71133e-08 -1.94469e-10 7.77876e-10
atom	16.005980	4.365267	13.095802	H	0.000000	0.000000	-1.75022e-08 1.94469e-10 3.88938e-10
atom	4.365267	10.185624	13.095802	H	0.000000	0.000000	1.94469e-10 1.71133e-08 0
atom	10.185624	10.185624	13.095802	H	0.000000	0.000000	1.63354e-08 1.76967e-08 1.94469e-10
atom	16.005980	10.185624	13.095802	H	0.000000	0.000000	-1.67243e-08 1.73077e-08 5.83407e-10
atom	4.365267	1.455089	4.365267	H	0.000000	0.000000	1.94469e-10 1.76967e-08 0
atom	4.365267	4.365267	1.455089	H	0.000000	0.000000	0 1.94469e-10 1.75022e-08
atom	16.005980	13.095802	16.005980	H	0.000000	0.000000	-1.71133e-08 -1.94469e-10 -1.71133e-08
atom	10.185624	4.365267	7.275446	H	0.000000	0.000000	1.67243e-08 -1.94469e-10 -1.73077e-08
atom	4.365267	13.095802	16.005980	H	0.000000	0.000000	-3.88938e-10 3.88938e-10 -1.75022e-08
atom	10.185624	1.455089	4.365267	H	0.000000	0.000000	1.67243e-08 1.73077e-08 1.94469e-10
atom	10.185624	13.095802	16.005980	H	0.000000	0.000000	1.69188e-08 -7.77876e-10 -1.73077e-08
atom	4.365267	7.275446	4.365267	H	0.000000	0.000000	-1.94469e-10 -1.78912e-08 -3.88938e-10
atom	10.185624	7.275446	4.365267	H	0.000000	0.000000	1.67243e-08 -1.76967e-08 -7.77876e-10
atom	16.005980	7.275446	4.365267	H	0.000000	0.000000	-1.75022e-08 -1.71133e-08 -7.77876e-10
atom	4.365267	13.095802	4.365267	H	0.000000	0.000000	-1.94469e-10 -1.94469e-10 -1.94469e-10
atom	10.185624	13.095802	4.365267	H	0.000000	0.000000	1.67243e-08 3.88938e-10 -1.94469e-10
atom	16.005980	13.095802	4.365267	H	0.000000	0.000000	-1.78912e-08 -1.94469e-10 -1.94469e-10
atom	4.365267	1.455089	10.185624	H	0.000000	0.000000	-1.94469e-10 1.78912e-08 1.76967e-08
atom	10.185624	1.455089	10.185624	H	0.000000	0.000000	1.69188e-08 1.71133e-08 1.76967e-08
atom	16.005980	1.455089	10.185624	H	0.000000	0.000000	-1.78912e-08 1.69188e-08 1.73077e-08
atom	4.365267	7.275446	10.185624	H	0.000000	0.000000	0 -1.76967e-08 1.80856e-08
atom	16.005980	1.455089	4.365267	H	0.000000	0.000000	-1.73077e-08 1.73077e-08 -5.83407e-10
atom	16.005980	7.275446	10.185624	H	0.000000	0.000000	-1.69188e-08 -1.73077e-08 1.84746e-08
atom	10.185624	7.275446	10.185624	H	0.000000	0.000000	1.65299e-08 -1.75022e-08 1.76967e-08
atom	10.185624	7.275446	16.005980	H	0.000000	0.000000	1.69188e-08 -1.76967e-08 -1.71133e-08
atom	4.365267	7.275446	16.005980	H	0.000000	0.000000	-1.94469e-10 -1.78912e-08 -1.65299e-08
atom	16.005980	1.455089	16.005980	H	0.000000	0.000000	-1.76967e-08 1.76967e-08 -1.73077e-08
atom	10.185624	1.455089	16.005980	H	0.000000	0.000000	1.69188e-08 1.76967e-08 -1.69188e-08
atom	16.005980	7.275446	16.005980	H	0.000000	0.000000	-1.73077e-08 -1.71133e-08 -1.71133e-08
atom	16.005980	13.095802	10.185624	H	0.000000	0.000000	-1.73077e-08 1.94469e-10 1.76967e-08
atom	10.185624	13.095802	10.185624	H	0.000000	0.000000	1.76967e-08 7.77876e-10 1.75022e-08
atom	4.365267	13.095802	10.185624	H	0.000000	0.000000	1.94469e-10 5.83407e-10 1.75022e-08
atom	4.365267	1.455089	16.005980	H	0.000000	0.000000	-9.72345e-10 1.75022e-08 -1.73077e-08
atom	11.640713	8.730535	8.730535	O	0.000000	0.000000	-4.16164e-08 -1.30294e-08 -9.52898e-09
atom	5.820356	8.730535	14.550891	O	0.000000	0.000000	6.86476e-08 1.45852e-08 3.79215e-08
atom	0.000000	8.730535	14.550891	O	0.000000	0.000000	2.13916e-09 3.88938e-09 2.10027e-08
atom	11.640713	2.910178	14.550891	O	0.000000	0.000000	-4.41445e-08 -2.85869e-08 4.84228e-08
atom	5.820356	2.910178	14.550891	O	0.000000	0.000000	6.18412e-08 -4.27832e-08 4.80339e-08
atom	0.000000	2.910178	14.550891	O	0.000000	0.000000	-4.27832e-09 -4.58947e-08 4.66726e-08
atom	11.640713	14.550891	8.730535	O	0.000000	0.000000	-5.36735e-08 4.95896e-08 1.34184e-08
atom	11.640713	8.730535	14.550891	O	0.000000	0.000000	-5.62016e-08 -1.94469e-10 5.25066e-08
atom	5.820356	14.550891	8.730535	O	0.000000	0.000000	4.90062e-08 3.30597e-08 2.31418e-08
atom	0.000000	14.550891	8.730535	O	0.000000	0.000000	3.88938e-09 5.93131e-08 -1.36128e-09
atom	5.820356	8.730535	8.730535	O	0.000000	0.000000	6.33969e-08 1.32239e-08 -9.72345e-10
atom	5.820356	14.550891	2.910178	O	0.000000	0.000000	5.81462e-08 5.48403e-08 -6.12577e-08
atom	11.640713	2.910178	8.730535	O	0.000000	0.000000	-4.20053e-08 -4.51168e-08 -1.01124e-08
atom	5.820356	2.910178	8.730535	O	0.000000	0.000000	6.02854e-08 -5.83407e-08 -9.91792e-09
atom	0.000000	2.910178	8.730535	O	0.000000	0.000000	-1.80856e-08 -2.99482e-08 -2.41142e-08
atom	11.640713	14.550891	2.910178	O	0.000000	0.000000	-4.64781e-08 4.84228e-08 -6.14522e-08
atom	0.000000	14.550891	2.910178	O	0.000000	0.000000	6.22301e-09 5.87297e-08 -5.87297e-08
atom	11.640713	8.730535	2.910178	O	0.000000	0.000000	-4.64781e-08 7.58429e-09 -4.88117e-08
atom	5.820356	8.730535	2.910178	O	0.000000	0.000000	4.47279e-08 7.58429e-09 -6.37858e-08
atom	0.000000	8.730535	2.910178	O	0.000000	0.000000	-7.38982e-09 3.30597e-09 -4.18108e-08
atom	11.640713	2.910178	2.910178	O	0.000000	0.000000	-4.64781e-08 -3.36431e-08 -4.88117e-08
atom	5.820356	2.910178	2.910178	O	0.000000	0.000000	4.25887e-08 -5.42569e-08 -5.3479e-08
atom	0.000000	14.550891	14.550891	O	0.000000	0.000000	-4.08385e-09 3.79215e-08 6.08688e-08
atom	0.000000	8.730535	8.730535	O	0.000000	0.000000	-2.13916e-09 -1.14737e-08 3.30597e-09
atom	5.820356	14.550891	14.550891	O	0.000000	0.000000	3.38376e-08 4.45334e-08 5.25066e-08
atom	2.910178	11.640713	14.550891	O	0.000000	0.000000	-5.27011e-08 -4.00606e-08 5.3479e-08
atom	2.910178	0.000000	2.910178	O	0.000000	0.000000	-5.58126e-08 1.2835e-08 -4.00606e-08
atom	0.000000	2.910178	2.910178	O	0.000000	0.000000	1.55575e-09 -6.28135e-08 -5.38679e-08
atom	14.550891	5.820356	14.550891	O	0.000000	0.000000	3.7727e-08 3.24763e-08 4.20053e-08
atom	8.730535	5.820356	14.550891	O	0.000000	0.000000	1.14737e-08 3.73381e-08 6.49527e-08
atom	2.910178	5.820356	14.550891	O	0.000000	0.000000	-3.94772e-08 3.85049e-08 4.88117e-08
atom	14.550891	0.000000	14.550891	O	0.000000	0.000000	4.14219e-08 -9.52898e-09 6.28135e-08
atom	8.730535	0.000000	14.550891	O	0.000000	0.000000	2.72257e-09 1.01124e-08 4.23943e-08
atom	2.910178	0.000000	14.550891	O	0.000000	0.000000	-4.14219e-08 1.36128e-08 7.38982e-08
atom	14.550891	11.640713	8.730535	O	0.000000	0.000000	4.99785e-08 -5.25066e-08 -4.86173e-09
atom	8.730535	11.640713	8.730535	O	0.000000	0.000000	-2.91704e-09 -4.27832e-08 -1.61409e-08
atom	2.910178	11.640713	8.730535	O	0.000000	0.000000	-4.90062e-08 -3.36431e-08 4.47279e-09
atom	14.550891	5.820356	8.730535	O	0.000000	0.000000	3.88938e-08 3.30597e-08 -1.40018e-08
atom	11.640713	14.550891	14.550891	O	0.000000	0.000000	-4.18108e-08 4.95896e-08 6.12577e-08
atom	8.730535	5.820356	8.730535	O	0.000000	0.000000	1.41962e-08 2.93648e-08 -7.19535e-09
atom	14.550891	0.000000	8.730535	O	0.000000	0.000000	3.01427e-08 -7.77876e-10 -1.32239e-08
atom	8.730535	0.000000	8.730535	O	0.000000	0.000000	4.47279e-09 0 -3.30597e-09
atom	2.910178	0.000000	8.730535	O	0.000000	0.000000	-5.27011e-08 -7.00089e-09 2.72257e-09
atom	14.550891	11.640713	2.910178	O	0.000000	0.000000	2.4892e-08 -4.95896e-08 -4.93951e-08
atom	8.730535	11.640713	2.910178	O	0.000000	0.000000	1.34184e-08 -3.03372e-08 -4.04496e-08
atom	2.910178	11.640713	2.910178	O	0.000000	0.000000	-3.26708e-08 -5.28956e-08 -4.00606e-08
atom	14.550891	5.820356	2.910178	O	0.000000	0.000000	5.0562e-08 4.58947e-08 -3.26708e-08
atom	8.730535	5.820356	2.910178	O	0.000000	0.000000	3.69491e-09 5.48403e-08 -5.09509e-08
atom	2.910178	5.820356	2.910178	O	0.000000	0.000000	-4.29777e-08 3.38376e-08 -4.88117e-08
atom	14.550891	0.000000	2.910178	O	0.000000	0.000000	6.10633e-08 -5.83407e-10 -4.99785e-08
atom	8.730535	0.000000	2.910178	O	0.000000	0.000000	-1.20571e-08 -1.30294e-08 -4.58947e-08
atom	2.910178	5.820356	8.730535	O	0.000000	0.000000	-5.9702e-08 4.31721e-08 -7.38982e-09
atom	14.550891	14.550891	11.640713	O	0.000000	0.000000	3.7727e-08 5.87297e-08 -4.33666e-08
atom	0.000000	0.000000	0.000000	O	0.000000	0.000000	-2.91704e-09 0 -7.77876e-09
atom	2.910178	14.550891	11.640713	O	0.000000	0.000000	-5.11454e-08 5.44513e-08 -5.44513e-08
atom	5.820356	5.820356	11.640713	O	0.000000	0.000000	4.27832e-08 4.80339e-08 -5.52292e-08
atom	0.000000	5.820356	11.640713	O	0.000000	0.000000	-4.08385e-09 4.70615e-08 -4.78394e-08
atom	11.640713	0.000000	11.640713	O	0.000000	0.000000	-3.69491e-08 -5.6396e-09 -4.37555e-08
atom	5.820356	0.000000	11.640713	O	0.000000	0.000000	5.58126e-08 -7.97323e-09 -3.55878e-08
atom	0.000000	0.000000	11.640713	O	0.000000	0.000000	-4.66726e-09 -2.04192e-08 -4.29777e-08
atom	11.640713	11.640713	5.820356	O	0.000000	0.000000	-5.15343e-08 -5.98965e-08 4.90062e-08
atom	5.820356	11.640713	5.820356	O	0.000000	0.000000	6.90365e-08 -2.08082e-08 5.93131e-08
atom	0.000000	11.640713	5.820356	O	0.000000	0.000000	6.61195e-09 -2.74201e-08 5.42569e-08
atom	11.640713	5.820356	5.820356	O	0.000000	0.000000	-4.16164e-08 5.23122e-08 5.98965e-08
atom	5.820356	5.820356	5.820356	O	0.000000	0.000000	3.55878e-08 4.60892e-08 3.69491e-08
atom	0.000000	5.820356	5.820356	O	0.000000	0.000000	-1.34184e-08 5.73684e-08 5.09509e-08
atom	11.640713	0.000000	5.820356	O	0.000000	0.000000	-5.40624e-08 -4.08385e-09 5.19232e-08
atom	5.820356	0.000000	5.820356	O	0.000000	0.000000	4.64781e-08 9.91792e-09 5.3479e-08
atom	0.000000	0.000000	5.820356	O	0.000000	0.000000	-3.88938e-10 4.66726e-09 5.6396e-08
atom	11.640713	11.640713	0.000000	O	0.000000	0.000000	-5.21177e-08 -4.49223e-08 6.22301e-09
atom	5.820356	11.640713	0.000000	O	0.000000	0.000000	3.7727e-08 -4.62836e-08 -5.0562e-09
atom	0.000000	11.640713	0.000000	O	0.000000	0.000000	-1.94469e-09 -3.90883e-08 -7.38982e-09
atom	11.640713	5.820356	0.000000	O	0.000000	0.000000	-4.55058e-08 5.25066e-08 -5.25066e-09
atom	5.820356	5.820356	0.000000	O	0.000000	0.000000	4.82283e-08 3.90883e-08 -6.80642e-09
atom	0.000000	5.820356	0.000000	O	0.000000	0.000000	-6.41748e-09 4.99785e-08 -9.33451e-09
atom	11.640713	0.000000	0.000000	O	0.000000	0.000000	-3.92827e-08 -1.45852e-08 -6.80642e-09
atom	5.820356	0.000000	0.000000	O	0.000000	0.000000	4.64781e-08 -5.83407e-09 5.6396e-09
atom	8.730535	11.640713	14.550891	O	0.000000	0.000000	1.65299e-08 -4.78394e-08 3.57823e-08
atom	11.640713	5.820356	11.640713	O	0.000000	0.000000	-3.34487e-08 2.21695e-08 -4.97841e-08
atom	0.000000	11.640713	11.640713	O	0.000000	0.000000	1.16681e-09 -5.309e-08 -4.21998e-08
atom	5.820356	11.640713	11.640713	O	0.000000	0.000000	5.19232e-08 -5.42569e-08 -5.09509e-08
atom	11.640713	11.640713	11.640713	O	0.000000	0.000000	-4.41445e-08 -3.92827e-08 -5.50347e-08
atom	14.550891	8.730535	11.640713	O	0.000000	0.000000	5.75628e-08 -8.1677e-09 -4.23943e-08
atom	8.730535	8.730535	11.640713	O	0.000000	0.000000	6.02854e-09 3.69491e-09 -5.07564e-08
atom	2.910178	8.730535	11.640713	O	0.000000	0.000000	-5.07564e-08 6.41748e-09 -5.21177e-08
atom	14.550891	2.910178	11.640713	O	0.000000	0.000000	2.21695e-08 -5.0562e-08 -4.27832e-08
atom	8.730535	2.910178	11.640713	O	0.000000	0.000000	7.97323e-09 -3.65602e-08 -3.65602e-08
atom	2.910178	2.910178	11.640713	O	0.000000	0.000000	-4.93951e-08 -6.16467e-08 -4.0644e-08
atom	14.550891	14.550891	5.820356	O	0.000000	0.000000	4.45334e-08 3.92827e-08 6.47582e-08
atom	8.730535	14.550891	5.820356	O	0.000000	0.000000	-6.02854e-09 3.18929e-08 5.87297e-08
atom	2.910178	14.550891	5.820356	O	0.000000	0.000000	-4.84228e-08 5.81462e-08 4.58947e-08
atom	14.550891	8.730535	5.820356	O	0.000000	0.000000	3.73381e-08 -4.27832e-09 5.13398e-08
atom	8.730535	8.730535	5.820356	O	0.000000	0.000000	1.10847e-08 -7.00089e-09 6.24246e-08
atom	8.730535	14.550891	11.640713	O	0.000000	0.000000	-7.77876e-10 5.23122e-08 -3.55878e-08
atom	2.910178	8.730535	5.820356	O	0.000000	0.000000	-3.81159e-08 -2.72257e-09 5.17288e-08
atom	8.730535	2.910178	5.820356	O	0.000000	0.000000	1.16681e-08 -5.23122e-08 4.35611e-08
atom	2.910178	2.910178	5.820356	O	0.000000	0.000000	-4.45334e-08 -5.03675e-08 3.16985e-08
atom	14.550891	14.550891	0.000000	O	0.000000	0.000000	3.1115e-08 4.97841e-08 -5.83407e-09
atom	8.730535	14.550891	0.000000	O	0.000000	0.000000	-1.16681e-08 6.02854e-08 7.77876e-10
atom	2.910178	14.550891	0.000000	O	0.000000	0.000000	-4.04496e-08 3.94772e-08 -1.16681e-09
atom	14.550891	8.730535	0.000000	O	0.000000	0.000000	5.54237e-08 2.91704e-09 4.27832e-09
atom	8.730535	8.730535	0.000000	O	0.000000	0.000000	1.03069e-08 -2.78091e-08 -1.14737e-08
atom	2.910178	8.730535	0.000000	O	0.000000	0.000000	-5.65905e-08 6.61195e-09 -6.80642e-09
atom	14.550891	2.910178	0.000000	O	0.000000	0.000000	6.04799e-08 -4.86173e-08 -1.5752e-08
atom	8.730535	2.910178	0.000000	O	0.000000	0.000000	-3.88938e-09 -5.32845e-08 -1.05013e-08
atom	2.910178	2.910178	0.000000	O	0.000000	0.000000	-5.32845e-08 -6.47582e-08 8.75111e-09
atom	14.550891	2.910178	5.820356	O	0.000000	0.000000	4.7256e-08 -4.00606e-08 6.28135e-08
atom	14.550891	11.640713	14.550891	O	0.000000	0.000000	4.99785e-08 -3.07261e-08 4.51168e-08
energy		 -34.44645970
charge            0.00000
end
begin
comment AIRSS data using PBE DFT
lattice		17.461069	0.000000	0.000000
lattice		0.000000	17.461069	0.000000
lattice		0.000000	0.000000	17.461069
atom	2.028999	15.325181	15.272914	H	0.000000	0.000000	0.0137326 0.0750764 -0.11835
atom	5.344900	15.547877	16.893967	H	0.000000	0.000000	0.0150154 0.0673046 -0.0157153
atom	10.221891	1.045936	3.364467	H	0.000000	0.000000	-0.0624895 0.00153293 0.0855895
atom	15.111085	7.314489	13.651196	H	0.000000	0.000000	0.0159817 0.0207106 0.0125926
atom	12.619749	13.517418	15.617377	H	0.000000	0.000000	0.0616089 0.0142772 0.0713101
atom	6.154750	13.293955	4.732105	H	0.000000	0.000000	0.00251837 -0.0479737 0.00612244
atom	16.214015	1.776558	0.419679	H	0.000000	0.000000	0.0486123 -0.0329613 -0.0219818
atom	4.559134	13.826031	15.280525	H	0.000000	0.000000	-0.0399516 -0.0120341 -0.0135121
atom	13.127117	10.481930	2.446112	H	0.000000	0.000000	0.0758699 0.0520533 0.0706122
atom	3.519778	6.209577	12.584805	H	0.000000	0.000000	0.0374516 -0.019858 0.0405162
atom	3.584287	1.430243	8.198528	H	0.000000	0.000000	0.0535019 0.151511 -0.0845058
atom	8.256087	6.906112	5.324002	H	0.000000	0.000000	0.00169401 -0.00131991 -0.000249893
atom	14.631919	11.328972	17.148732	H	0.000000	0.000000	-0.0730231 -0.0138108 -0.073968
atom	12.717762	14.902356	13.182321	H	0.000000	0.000000	0.12379 0.0936484 -0.0734528
atom	4.663558	6.922377	3.037658	H	0.000000	0.000000	-0.0104033 -0.0555521 -0.0306533
atom	11.858244	1.843217	6.449055	H	0.000000	0.000000	-0.041827 -0.0351896 -0.00149952
atom	13.127926	4.154099	8.772659	H	0.000000	0.000000	0.0165758 0.0732555 -0.000994368
atom	15.142861	16.160738	14.155311	H	0.000000	0.000000	0.117512 -0.213414 -0.0928192
atom	14.804683	7.553309	4.091913	H	0.000000	0.000000	-0.005105 0.0264745 0.00147605
atom	7.837995	10.200499	2.510471	H	0.000000	0.000000	-0.013444 -0.0401889 -0.0108236
atom	8.409295	1.207392	12.941039	H	0.000000	0.000000	-0.00638206 0.0600259 -0.034426
atom	7.702801	17.069401	0.038313	H	0.000000	0.000000	-0.0161379 -0.0159705 -0.0372539
atom	6.673216	6.632564	15.456838	H	0.000000	0.000000	-0.08643 0.083691 -0.0164284
atom	5.303700	14.568661	12.679419	H	0.000000	0.000000	-0.0813261 -0.0734233 -0.0169626
atom	17.245768	11.493888	9.825947	H	0.000000	0.000000	-0.0200281 0.0296613 -0.0779206
atom	14.413270	7.160307	7.216331	H	0.000000	0.000000	0.0339976 -0.0600891 0.0409775
atom	6.443486	5.190811	3.806214	H	0.000000	0.000000	0.00779137 -0.103648 -0.00257071
atom	11.861599	13.754367	7.108308	H	0.000000	0.000000	0.0459398 -0.077654 -0.107393
atom	2.086267	7.403622	13.248145	H	0.000000	0.000000	-0.0481267 0.0175603 -0.0090825
atom	1.394609	16.661723	17.332497	H	0.000000	0.000000	-0.0497952 0.064904 0.0133273
atom	14.527167	6.389527	16.529086	H	0.000000	0.000000	0.00844412 -0.00932507 -0.0412474
atom	8.067224	4.177663	1.006272	H	0.000000	0.000000	0.00551137 -0.0795015 -0.0346086
atom	10.682818	17.332790	1.124805	H	0.000000	0.000000	-0.021422 -0.0200081 -0.0132928
atom	7.135748	15.984553	3.437251	H	0.000000	0.000000	0.0437833 0.0998639 -0.0116918
atom	7.456225	1.773528	4.829918	H	0.000000	0.000000	0.0287782 0.0298355 -0.018409
atom	0.125572	10.594723	16.011576	H	0.000000	0.000000	0.0190808 -2.96239e-05 -0.0226764
atom	10.141184	14.638475	4.588860	H	0.000000	0.000000	0.159622 -0.0364644 -0.0901174
atom	7.809594	1.453008	1.475912	H	0.000000	0.000000	-0.0121674 0.03695 -0.00638028
atom	8.292367	7.660478	14.032399	H	0.000000	0.000000	-0.0366379 0.0266746 -0.0613045
atom	8.765392	10.331474	15.186634	H	0.000000	0.000000	-0.0187661 -0.0476832 0.0246751
atom	1.947523	3.088253	13.900554	H	0.000000	0.000000	-0.0153715 0.0187066 -0.00747994
atom	0.179031	4.480377	1.454396	H	0.000000	0.000000	0.00166758 0.0171816 -0.0553185
atom	14.262255	1.424373	2.579488	H	0.000000	0.000000	-0.00978733 -0.00965277 0.00440251
atom	1.514418	11.930214	13.615601	H	0.000000	0.000000	-0.0313087 0.0278709 0.00616558
atom	2.127754	16.453091	11.474622	H	0.000000	0.000000	-0.0649678 0.0168273 -0.0104164
atom	8.741720	13.381110	8.131744	H	0.000000	0.000000	0.000688428 -0.0676027 0.00107374
atom	7.726906	9.709810	8.384728	H	0.000000	0.000000	0.0112483 0.000896886 -0.00377354
atom	4.368525	11.592620	12.549722	H	0.000000	0.000000	0.0976129 0.0476984 0.00275883
atom	5.845946	6.612551	5.808029	H	0.000000	0.000000	0.000125476 0.0219843 -0.0241156
atom	11.995303	10.523176	13.072837	H	0.000000	0.000000	-0.00116621 -0.0923485 0.0132397
atom	14.628930	16.382444	16.521834	H	0.000000	0.000000	0.0221517 0.0157865 -0.0378956
atom	11.744736	2.154984	10.628220	H	0.000000	0.000000	0.028576 -0.0542147 -0.0132131
atom	5.488328	3.990178	1.732303	H	0.000000	0.000000	-0.0105257 -0.0532021 -0.0138539
atom	10.964526	7.302239	1.838207	H	0.000000	0.000000	-0.0150807 0.00278879 -0.0623067
atom	7.207256	3.743971	5.921773	H	0.000000	0.000000	0.0314327 0.0317969 0.015089
atom	12.389601	8.119903	6.080423	H	0.000000	0.000000	0.0239833 -0.0193664 -0.0123102
atom	4.644333	13.838786	6.268578	H	0.000000	0.000000	-0.0525048 0.0306372 -0.00687114
atom	10.649132	12.008002	3.068241	H	0.000000	0.000000	0.0432734 0.0382641 -0.0360987
atom	16.228207	4.063784	5.313895	H	0.000000	0.000000	-0.0109809 -0.0305113 0.0547477
atom	17.139414	5.816101	3.965881	H	0.000000	0.000000	0.0378039 0.0323667 0.00924003
atom	7.829069	16.106265	7.710515	H	0.000000	0.000000	-0.0100978 -0.0105329 0.0409413
atom	15.209946	1.855959	7.641435	H	0.000000	0.000000	-0.00853707 -0.00945823 -0.0550348
atom	11.027764	14.353482	1.015698	H	0.000000	0.000000	-0.044155 -0.0163067 0.0130518
atom	2.836434	7.431073	1.154774	H	0.000000	0.000000	-0.0409802 -0.0939034 0.0193151
atom	15.943745	12.862077	0.733259	H	0.000000	0.000000	0.050129 0.019321 -0.0156864
atom	5.206040	15.024273	10.004084	H	0.000000	0.000000	-0.0321919 -0.0513505 0.0427314
atom	12.298710	4.852109	13.849410	H	0.000000	0.000000	0.018828 0.00117565 -0.0129001
atom	5.113741	4.141652	9.022681	H	0.000000	0.000000	-0.0260936 0.0252371 -0.00225511
atom	12.785326	17.383819	3.817819	H	0.000000	0.000000	0.0211216 -0.0342625 -0.000325432
atom	2.016974	13.176198	0.956639	H	0.000000	0.000000	0.00419556 -0.0746451 -0.0889541
atom	4.022940	15.822139	7.970272	H	0.000000	0.000000	0.00962704 -0.00172188 -0.0423884
atom	4.199135	8.140201	4.336522	H	0.000000	0.000000	0.000917705 0.0479043 0.02125
atom	1.199024	10.395980	2.165031	H	0.000000	0.000000	-0.0192159 -0.0474647 0.0197606
atom	7.239913	16.729709	5.697968	H	0.000000	0.000000	0.105328 -0.0640698 0.0172079
atom	5.220050	4.688570	12.248774	H	0.000000	0.000000	-0.0570315 -0.0635292 0.0402316
atom	16.271688	9.799089	0.411655	H	0.000000	0.000000	0.045688 0.0356098 0.0228799
atom	13.074440	8.343748	16.349843	H	0.000000	0.000000	-0.0127307 0.0445779 -0.0279383
atom	13.179908	4.973599	11.447429	H	0.000000	0.000000	0.0464438 -0.0353502 -0.0120097
atom	1.685276	4.069820	5.718321	H	0.000000	0.000000	-0.0738952 0.0411783 0.0444957
atom	6.889833	4.111178	15.882880	H	0.000000	0.000000	-0.0276251 0.0173126 0.0120349
atom	10.024550	5.335556	16.566977	H	0.000000	0.000000	0.0355262 -0.0185962 0.00859879
atom	4.663916	11.427220	7.195890	H	0.000000	0.000000	0.00726199 -0.00303534 0.0301768
atom	5.061730	7.685150	11.854316	H	0.000000	0.000000	0.0151152 0.000387099 0.030441
atom	5.175347	1.366204	10.188414	H	0.000000	0.000000	0.019323 0.045169 0.0540107
atom	0.735622	6.823640	7.830587	H	0.000000	0.000000	0.00934953 0.0509906 0.00961344
atom	5.842867	8.464487	0.940201	H	0.000000	0.000000	-0.0386205 0.0214871 -0.0285232
atom	10.025462	5.279411	10.155048	H	0.000000	0.000000	0.00379202 -0.0204535 0.00680035
atom	10.268897	3.204595	12.789968	H	0.000000	0.000000	0.0114348 0.0255406 0.0339508
atom	12.380654	5.113092	2.446008	H	0.000000	0.000000	0.0455324 -0.0468895 0.00631357
atom	7.423467	14.407125	1.127955	H	0.000000	0.000000	0.0573481 -0.0466484 -0.0315778
atom	2.777884	13.260755	8.558011	H	0.000000	0.000000	-0.0152878 -0.0222717 -0.032153
atom	4.430548	7.676426	7.491202	H	0.000000	0.000000	-0.0909479 -0.00875337 -0.0775286
atom	0.441707	16.165621	12.997575	H	0.000000	0.000000	-0.0532425 -0.0032154 -0.0242202
atom	14.835676	16.376463	5.530090	H	0.000000	0.000000	-0.00536457 -0.0369383 -0.0170151
atom	4.498499	3.153283	15.720218	H	0.000000	0.000000	-0.0233166 -0.0573164 0.0360302
atom	10.576165	15.888955	7.085517	H	0.000000	0.000000	0.0407081 -0.00153885 0.0188997
atom	11.717143	12.630191	12.506230	H	0.000000	0.000000	0.00748799 0.0655885 -0.0156432
atom	15.807118	2.328298	12.923277	H	0.000000	0.000000	-0.0320747 0.0179522 -0.0577212
atom	8.172862	12.444069	3.824819	H	0.000000	0.000000	-0.106665 0.164323 0.111667
atom	12.143040	9.626346	1.344028	H	0.000000	0.000000	-0.0749928 0.0153449 -0.115606
atom	1.167297	14.431882	9.874341	H	0.000000	0.000000	-0.00961684 0.0184678 0.00692174
atom	3.777769	11.684791	16.987752	H	0.000000	0.000000	0.060528 -0.0342662 -0.0375001
atom	15.727125	4.072249	9.287546	H	0.000000	0.000000	-0.0099664 0.0201286 0.0311235
atom	2.270847	10.483202	6.232276	H	0.000000	0.000000	-0.00861119 -0.0288909 -0.0369439
atom	4.013515	7.192070	9.718598	H	0.000000	0.000000	-0.141875 -0.0982502 -0.0141128
atom	2.479966	15.719235	2.133488	H	0.000000	0.000000	0.0144271 0.108862 -0.0125649
atom	4.972326	16.585340	4.431939	H	0.000000	0.000000	-0.0192438 0.0782183 0.0381346
atom	6.656350	12.137448	15.952632	H	0.000000	0.000000	0.0343961 -0.0218641 -0.0231349
atom	12.783196	1.750202	14.507506	H	0.000000	0.000000	0.0735023 -0.0743128 -0.0172452
atom	4.918527	2.878112	5.476892	H	0.000000	0.000000	-0.0180141 0.0114847 -0.0212508
atom	10.569816	0.415830	13.658870	H	0.000000	0.000000	0.142944 0.0355603 -0.0828144
atom	16.116998	16.146392	1.606542	H	0.000000	0.000000	0.0154635 0.0233139 -0.0113059
atom	14.632734	5.637673	4.611136	H	0.000000	0.000000	-0.0353316 -0.0479323 -0.0512407
atom	10.393099	7.164968	14.652018	H	0.000000	0.000000	0.0395796 0.0386714 -0.0101766
atom	1.607180	14.033567	2.200091	H	0.000000	0.000000	-0.0961506 0.00973917 0.119408
atom	4.732716	17.025819	9.624875	H	0.000000	0.000000	-0.0352783 -0.00617863 0.034943
atom	13.568464	1.713881	0.116857	H	0.000000	0.000000	-0.0099047 -0.0127712 -0.0310871
atom	13.643331	10.759884	8.737015	H	0.000000	0.000000	-0.0425666 0.000310558 -0.034133
atom	8.010791	11.709554	11.564713	H	0.000000	0.000000	0.014988 0.00417604 0.0119887
atom	16.172866	11.261247	12.693331	H	0.000000	0.000000	-0.014164 0.0146056 0.0321259
atom	13.589868	13.132928	1.095170	H	0.000000	0.000000	-0.0162236 0.0441799 -0.0177568
atom	0.364029	7.305061	1.844154	H	0.000000	0.000000	0.0096804 -0.0272142 -0.0471496
atom	2.818133	5.406949	4.744716	H	0.000000	0.000000	0.0136812 0.0727203 -0.0346408
atom	8.538959	16.280118	13.100912	H	0.000000	0.000000	0.0178437 -0.0473235 -0.0240588
atom	3.482306	8.565417	16.185483	H	0.000000	0.000000	0.0313439 -0.0250267 -0.00780927
atom	13.433664	12.050952	14.241745	H	0.000000	0.000000	-0.0994345 0.0536225 -0.0450999
atom	1.746291	1.735498	2.321910	H	0.000000	0.000000	-0.020744 0.0145599 -0.0276435
atom	14.790555	13.293719	7.502832	H	0.000000	0.000000	-0.029744 0.0277011 0.0415685
atom	11.183313	11.407232	15.652400	H	0.000000	0.000000	-0.01621 -0.0320619 0.0360045
atom	15.605094	3.130613	15.207618	H	0.000000	0.000000	0.00523155 -0.0404237 0.0419725
atom	5.156291	9.570339	9.493513	H	0.000000	0.000000	-0.0278056 0.0125375 0.00479216
atom	8.749456	16.029381	4.438480	H	0.000000	0.000000	0.041918 0.0525504 -0.01655
atom	8.043956	2.375264	15.823193	H	0.000000	0.000000	0.0477335 -0.0247591 0.0409325
atom	13.023301	7.499090	9.841149	H	0.000000	0.000000	0.0148053 -0.0086265 -0.0352894
atom	16.059508	5.672742	11.792684	H	0.000000	0.000000	0.0574942 -0.0299082 -0.0332899
atom	1.139638	14.279845	16.566113	H	0.000000	0.000000	-0.0949116 -0.0244033 -0.0569305
atom	15.124706	12.763362	4.531318	H	0.000000	0.000000	-0.0157152 -0.013277 -0.0125031
atom	15.798071	13.337929	14.937521	H	0.000000	0.000000	0.0371283 0.00382943 -0.0261488
atom	0.168502	4.844844	8.284904	H	0.000000	0.000000	0.0185886 -0.0616375 0.00938898
atom	14.577201	10.986463	10.622586	H	0.000000	0.000000	0.0111099 -0.00346332 0.0615147
atom	16.689747	13.630060	11.757505	H	0.000000	0.000000	0.0633059 0.0355832 0.0171785
atom	9.985281	13.706157	15.982809	H	0.000000	0.000000	-0.075337 -0.0319646 0.0343171
atom	1.134084	1.262437	6.493063	H	0.000000	0.000000	-0.0342856 0.0439331 -0.0246573
atom	11.584992	3.744937	16.141843	H	0.000000	0.000000	-0.0147418 -0.0240883 0.0399855
atom	1.492305	8.262806	15.556795	H	0.000000	0.000000	-0.0101596 -0.0267958 0.00189723
atom	5.962430	7.336545	9.593335	H	0.000000	0.000000	0.0662751 -0.078944 0.0258252
atom	10.639363	11.293297	9.363279	H	0.000000	0.000000	-0.0460297 0.0408484 -0.0278129
atom	8.159038	0.554388	10.173510	H	0.000000	0.000000	-0.0325146 0.0327429 0.0565739
atom	13.287331	14.676619	9.950890	H	0.000000	0.000000	0.0587962 -0.0179259 -0.0184495
atom	17.325774	11.470728	6.979200	H	0.000000	0.000000	-0.00353774 -0.00770536 0.0242907
atom	10.424433	8.771430	3.972488	H	0.000000	0.000000	0.00464938 0.00979454 0.012944
atom	3.157634	15.366745	4.145227	H	0.000000	0.000000	-0.00317249 0.0162623 -0.0151756
atom	3.039264	12.541692	10.895208	H	0.000000	0.000000	0.0038079 0.0239318 0.00671108
atom	10.743529	6.016886	4.145052	H	0.000000	0.000000	0.0236263 -0.00267873 0.0161963
atom	13.884720	1.022587	10.491008	H	0.000000	0.000000	0.00674721 -0.0221712 0.00707082
atom	15.906552	0.108316	9.455804	H	0.000000	0.000000	0.0344931 -0.0289553 0.035224
atom	4.212481	5.460789	16.038100	H	0.000000	0.000000	0.00913333 0.0269143 0.00463683
atom	4.576337	10.431489	2.933672	H	0.000000	0.000000	-0.00571366 -0.0229485 -0.0394837
atom	2.205571	3.899181	16.993301	H	0.000000	0.000000	-0.0618832 0.0702282 -0.00388704
atom	12.021730	16.013951	17.299047	H	0.000000	0.000000	0.0708315 -0.134577 -0.0184952
atom	8.246458	4.611184	7.645889	H	0.000000	0.000000	0.0216735 0.00698256 0.0302267
atom	16.191497	9.949003	4.052436	H	0.000000	0.000000	0.0276331 -0.00995941 -0.0374405
atom	16.197956	8.900039	9.749210	H	0.000000	0.000000	0.0134092 -0.0528205 -0.0166627
atom	3.139803	1.324558	12.045391	H	0.000000	0.000000	-0.0233009 -0.015544 0.0389599
atom	11.651073	15.795910	10.968629	H	0.000000	0.000000	-0.0124874 0.044235 -0.0105787
atom	5.120049	15.565253	1.735049	H	0.000000	0.000000	-0.0185523 0.0178468 0.000642189
atom	9.024303	16.040890	10.043429	H	0.000000	0.000000	0.0567641 -0.0599652 0.0328897
atom	10.347170	7.111860	8.117798	H	0.000000	0.000000	-0.00587942 -0.0388937 -0.0209692
atom	10.097054	2.202707	8.877871	H	0.000000	0.000000	0.0268227 0.0285416 -0.0317291
atom	17.014434	14.124616	6.325643	H	0.000000	0.000000	0.0295403 -0.00209123 0.0833156
atom	5.857435	0.989147	14.786288	H	0.000000	0.000000	-0.013854 -0.0101344 0.024069
atom	13.534356	4.272782	0.357684	H	0.000000	0.000000	0.0033202 0.0063568 -0.00336224
atom	3.246544	3.443760	3.396925	H	0.000000	0.000000	0.0200011 -0.00579224 0.000767037
atom	10.576748	9.214096	9.915528	H	0.000000	0.000000	-0.0282909 -0.0350901 0.0227624
atom	13.352660	3.391795	6.188107	H	0.000000	0.000000	-0.00940306 0.0525107 -0.0318287
atom	0.242028	0.794066	14.261475	H	0.000000	0.000000	-0.014909 0.000460379 -0.0110223
atom	7.766202	9.541406	0.446738	H	0.000000	0.000000	0.00874711 0.0186883 -0.049355
atom	2.031471	4.540205	11.687697	H	0.000000	0.000000	-0.0686201 -0.0133513 -0.020581
atom	16.417920	5.017475	14.562502	H	0.000000	0.000000	0.0410794 0.0327914 -0.0121956
atom	1.617511	2.822601	9.291732	H	0.000000	0.000000	0.0571231 -0.00205949 0.074583
atom	8.249595	7.526384	10.453087	H	0.000000	0.000000	-0.0334861 -0.0778604 -0.0612216
atom	9.985524	11.533090	11.697179	H	0.000000	0.000000	0.0131745 -0.0179796 0.00659267
atom	11.210189	7.636606	11.804380	H	0.000000	0.000000	-0.0781102 -0.0310958 7.73347e-05
atom	2.057144	9.073911	8.363735	H	0.000000	0.000000	-0.023487 0.0114531 0.0240054
atom	17.203052	13.363393	4.525826	H	0.000000	0.000000	0.0738935 -0.0137508 -0.0555111
atom	4.325649	9.678080	14.416095	H	0.000000	0.000000	0.0639727 -0.0339545 0.0167702
atom	13.322037	13.862447	4.107092	H	0.000000	0.000000	-0.0391595 0.0827922 -0.0457057
atom	10.199971	4.661658	5.636115	H	0.000000	0.000000	0.0139835 -0.0375425 0.0276437
atom	7.818545	9.986176	5.584214	H	0.000000	0.000000	0.00231506 -0.0376676 0.00204976
atom	5.945300	11.456280	9.716716	H	0.000000	0.000000	0.00809358 0.0551022 0.051316
atom	6.942868	1.222866	7.946753	H	0.000000	0.000000	0.0200039 0.0340741 -0.0120198
atom	17.142116	8.896251	11.625358	H	0.000000	0.000000	-0.00119572 0.00283166 0.0320355
atom	9.614217	5.358960	1.759868	H	0.000000	0.000000	0.10996 -0.0552057 -0.104143
atom	16.816889	16.325316	7.115679	H	0.000000	0.000000	-0.00574759 0.00696987 0.0503698
atom	1.084682	17.372677	3.985120	H	0.000000	0.000000	0.00207812 -0.0152423 0.0172026
atom	2.485063	1.005023	15.567594	H	0.000000	0.000000	0.0321833 -0.00623233 0.0400642
atom	12.685787	11.900262	4.787009	H	0.000000	0.000000	0.0700227 -0.0560048 -0.0832859
atom	15.202704	7.392999	1.701630	H	0.000000	0.000000	-0.0126928 -0.0351129 0.00542458
atom	7.152532	15.003403	10.971141	H	0.000000	0.000000	0.0467214 -0.0386561 0.0114264
atom	10.556528	10.227241	6.561077	H	0.000000	0.000000	0.0363531 0.0408427 -0.027388
atom	12.636446	17.165088	7.125811	H	0.000000	0.000000	0.0730255 -0.011567 0.0566953
atom	13.036143	7.616792	12.577387	H	0.000000	0.000000	-0.00268994 0.0605065 0.0400734
atom	11.055641	1.560799	2.102506	H	0.000000	0.000000	0.0346501 0.0610708 -0.0783857
atom	4.203101	12.493693	1.516663	H	0.000000	0.000000	0.0826218 0.0150354 -0.0254951
atom	6.859539	6.789402	1.800783	H	0.000000	0.000000	0.0551052 -0.035563 -0.0216227
atom	10.124677	15.744927	15.075782	H	0.000000	0.000000	0.0194973 -0.0250129 0.0218567
atom	1.568022	16.650228	7.171212	H	0.000000	0.000000	0.0211647 -0.0239762 0.0121762
atom	15.460460	9.712547	7.216979	H	0.000000	0.000000	0.00725999 0.00178877 -0.0496466
atom	4.154594	11.342338	4.815676	H	0.000000	0.000000	0.0100949 0.00577934 -0.018221
atom	7.488620	12.863152	14.111137	H	0.000000	0.000000	0.0335485 0.00380661 -0.00585376
atom	16.325937	2.273084	3.211320	H	0.000000	0.000000	-0.181712 -0.105873 0.044716
atom	16.539860	7.829694	16.155401	H	0.000000	0.000000	0.0426041 7.18188e-05 -0.0202915
atom	6.887123	3.188074	11.472300	H	0.000000	0.000000	0.0476584 0.0269132 0.00342264
atom	6.073434	16.004677	13.331296	H	0.000000	0.000000	0.000285849 0.0679554 0.0267592
atom	3.206532	10.604033	12.610927	H	0.000000	0.000000	-0.0694376 -0.11613 -0.0409721
atom	8.532049	6.196768	16.249368	H	0.000000	0.000000	-0.0305227 0.0637047 0.0241562
atom	11.684431	8.336302	8.700446	O	0.000000	0.000000	0.131104 0.119851 0.0113128
atom	6.083893	8.591511	14.804018	O	0.000000	0.000000	0.000600532 0.0319776 -0.0308937
atom	0.230125	8.976857	14.472279	O	0.000000	0.000000	-0.0517154 -0.0465513 0.110902
atom	11.759000	3.167305	14.451011	O	0.000000	0.000000	-0.0513899 -0.0905948 0.00442912
atom	6.373751	2.878831	14.592072	O	0.000000	0.000000	-0.129062 0.00892058 -0.0699389
atom	0.357220	2.547684	14.673922	O	0.000000	0.000000	-0.0360641 -0.000161319 -0.0717207
atom	11.536813	14.390189	8.552642	O	0.000000	0.000000	-0.0678386 0.118439 0.202212
atom	11.901287	8.808131	14.168561	O	0.000000	0.000000	0.0442073 -0.0625578 0.0194679
atom	5.841839	14.537081	8.400385	O	0.000000	0.000000	0.0732006 0.00491489 -0.0487491
atom	0.035545	14.699052	8.505462	O	0.000000	0.000000	0.0358034 -0.0673702 -0.0672259
atom	5.939214	8.505651	8.185754	O	0.000000	0.000000	0.0210523 0.0455421 0.123833
atom	6.239322	14.701020	2.953710	O	0.000000	0.000000	-0.142369 -0.155761 -0.086478
atom	11.972876	2.727646	8.557953	O	0.000000	0.000000	-0.128139 0.00508109 0.0400483
atom	5.660906	2.259497	8.689871	O	0.000000	0.000000	0.103697 0.109095 0.0649211
atom	0.046490	2.876695	8.676732	O	0.000000	0.000000	-0.0723 0.0212728 -0.0343184
atom	11.777109	14.175671	2.752103	O	0.000000	0.000000	0.0477448 -0.018643 0.0912639
atom	17.378738	14.456476	2.980693	O	0.000000	0.000000	-0.0126573 0.0343338 -0.0392606
atom	11.952478	8.469974	2.734754	O	0.000000	0.000000	-0.0282892 -0.0179811 0.152611
atom	6.008210	9.021507	2.723906	O	0.000000	0.000000	0.0420403 -0.0886793 0.0306669
atom	0.398545	8.672533	2.984494	O	0.000000	0.000000	-0.0409013 0.00318244 0.0555184
atom	11.899829	2.923914	2.739392	O	0.000000	0.000000	0.03229 0.00493863 0.0653601
atom	6.179469	3.142464	3.365764	O	0.000000	0.000000	-0.0441281 -0.0400868 -0.0732163
atom	17.273792	14.711139	14.479605	O	0.000000	0.000000	0.0695521 -0.119104 0.0309508
atom	0.261027	8.827259	8.370004	O	0.000000	0.000000	-0.0233367 -0.131899 -0.0136248
atom	6.148742	14.289910	14.641724	O	0.000000	0.000000	0.0246923 0.0384326 -0.0889531
atom	2.916620	11.585873	14.748224	O	0.000000	0.000000	0.0323188 0.0192837 -0.047302
atom	3.002554	17.418776	2.985227	O	0.000000	0.000000	0.00496509 -0.0355645 -0.0474539
atom	0.200451	2.988074	2.931939	O	0.000000	0.000000	0.202858 0.0433535 -0.0615732
atom	14.606224	5.855571	14.681852	O	0.000000	0.000000	0.0325382 0.0556881 -0.0178622
atom	9.009019	5.783107	14.468736	O	0.000000	0.000000	-0.0442396 0.0125478 0.00397232
atom	3.348317	5.883860	14.457541	O	0.000000	0.000000	-0.0133696 -0.0361346 0.0390637
atom	14.465941	0.028934	14.434175	O	0.000000	0.000000	-0.121685 0.209678 0.101042
atom	9.342598	17.177253	14.502619	O	0.000000	0.000000	-0.18886 0.0643168 0.0956344
atom	2.975945	17.046801	14.455771	O	0.000000	0.000000	0.0313961 0.0130566 -0.0670115
atom	15.113242	11.618069	8.153812	O	0.000000	0.000000	-0.0313545 -0.130513 0.0577391
atom	8.597270	11.329792	8.462887	O	0.000000	0.000000	0.106856 0.135653 0.0383203
atom	3.138728	11.467235	8.814533	O	0.000000	0.000000	0.0517971 0.0386869 -0.0337585
atom	14.608024	5.744267	8.980180	O	0.000000	0.000000	0.0178713 0.0479431 -0.0652036
atom	11.708227	14.202872	14.275642	O	0.000000	0.000000	0.00972829 0.0266553 -0.0379119
atom	8.981919	5.871787	8.776670	O	0.000000	0.000000	-0.038581 -0.122922 -0.0160082
atom	14.219980	17.127523	8.760410	O	0.000000	0.000000	0.0870996 0.0631472 -0.00500412
atom	8.978509	0.078510	8.666918	O	0.000000	0.000000	0.0157194 -0.0290979 -0.0643196
atom	2.851265	0.069308	8.580733	O	0.000000	0.000000	-0.0759416 -0.224582 0.0433476
atom	14.722387	11.311215	3.346040	O	0.000000	0.000000	0.0171436 -0.00571688 -0.0623481
atom	8.994784	11.381678	3.113635	O	0.000000	0.000000	0.116225 -0.123235 -0.1338
atom	3.299494	12.047300	2.885330	O	0.000000	0.000000	-0.0382814 -0.0509555 0.0573265
atom	14.658001	5.446086	2.558731	O	0.000000	0.000000	0.0132696 0.066126 0.101071
atom	8.586543	5.827904	2.910356	O	0.000000	0.000000	-0.0385367 0.132289 0.130035
atom	3.333204	5.559541	2.853982	O	0.000000	0.000000	-0.0472748 0.0354726 0.00231335
atom	14.174601	17.031207	2.451286	O	0.000000	0.000000	0.0768642 0.044483 0.0991199
atom	8.682958	0.004445	2.741291	O	0.000000	0.000000	0.0686934 -0.0464586 0.0782548
atom	2.885974	5.495189	8.792670	O	0.000000	0.000000	-0.00697014 0.117202 0.0317197
atom	15.101348	13.944568	11.368952	O	0.000000	0.000000	-0.259529 0.0557242 -0.00150487
atom	17.034119	17.204849	17.382058	O	0.000000	0.000000	0.0606668 0.034621 0.0981938
atom	3.521051	14.321375	11.653014	O	0.000000	0.000000	-0.0752882 0.0135715 -0.0170382
atom	6.267125	5.756574	11.481292	O	0.000000	0.000000	0.0173439 0.109011 -0.0537935
atom	0.440431	5.738446	12.259847	O	0.000000	0.000000	-0.134502 0.0141119 -0.0393802
atom	11.953044	0.018202	11.631274	O	0.000000	0.000000	-0.0526746 0.0173503 0.013465
atom	6.264214	17.235594	11.676734	O	0.000000	0.000000	-0.0894138 0.0277335 0.00602029
atom	0.127473	17.183387	11.226779	O	0.000000	0.000000	0.056266 0.0382017 0.0890846
atom	11.672422	11.783878	6.026363	O	0.000000	0.000000	-0.110598 -0.137102 0.0813832
atom	6.032297	11.178938	5.656096	O	0.000000	0.000000	-0.0778794 0.147874 0.0152061
atom	0.860220	11.523562	5.573516	O	0.000000	0.000000	-0.0925395 -0.000813922 -0.0184724
atom	11.903382	5.787756	5.597557	O	0.000000	0.000000	-0.0238995 -0.0185486 0.0115024
atom	5.723697	5.167601	6.756254	O	0.000000	0.000000	0.131859 0.0346379 -0.0936383
atom	17.109639	5.791720	5.796157	O	0.000000	0.000000	0.0616316 -0.0372583 -0.0292774
atom	11.675789	17.362064	5.616908	O	0.000000	0.000000	-0.0601701 0.00150452 -0.0133567
atom	5.899031	0.133464	5.815967	O	0.000000	0.000000	-0.116166 0.0172064 -0.0586577
atom	17.327492	0.041905	5.710652	O	0.000000	0.000000	0.0845764 0.00874064 -0.053201
atom	11.981063	10.965116	17.263954	O	0.000000	0.000000	0.0512431 0.121895 0.0771238
atom	5.781795	11.803844	17.333583	O	0.000000	0.000000	0.0103854 -0.0293483 0.116996
atom	0.277399	11.433041	0.395880	O	0.000000	0.000000	-0.0556804 0.0964103 -0.0747944
atom	11.586803	5.512509	17.411531	O	0.000000	0.000000	0.038063 0.101665 0.0408878
atom	6.173516	5.369302	0.079975	O	0.000000	0.000000	-0.0514201 0.0782939 -9.92024e-05
atom	0.595113	5.460183	17.163696	O	0.000000	0.000000	-0.0649207 0.145463 0.0346686
atom	11.857895	0.143191	17.231678	O	0.000000	0.000000	-0.0374491 0.107192 -0.0380288
atom	6.027394	17.319895	16.751807	O	0.000000	0.000000	-0.0162016 -0.0602948 0.145271
atom	9.305998	11.954266	14.624780	O	0.000000	0.000000	-0.117992 -0.150442 -0.106566
atom	11.510322	5.648729	11.841947	O	0.000000	0.000000	0.0100319 0.086281 -0.0702144
atom	0.177064	11.293849	11.437762	O	0.000000	0.000000	0.160759 0.0186575 0.118594
atom	6.273388	11.426416	11.610551	O	0.000000	0.000000	-0.101015 -0.0362423 -0.0179627
atom	12.067197	11.477473	11.041234	O	0.000000	0.000000	-0.103381 0.0384192 0.0436758
atom	14.871622	9.063877	11.379981	O	0.000000	0.000000	-0.0107871 -0.1034 -0.0195849
atom	8.851927	8.595271	11.524576	O	0.000000	0.000000	0.0854176 0.156744 0.129897
atom	2.884400	8.487604	11.495910	O	0.000000	0.000000	0.120126 0.0935863 0.0118567
atom	14.552619	3.305086	11.677587	O	0.000000	0.000000	0.0848506 -0.140643 0.0473643
atom	8.711207	2.827871	11.887034	O	0.000000	0.000000	-0.00602746 -0.0936962 -0.117336
atom	3.293530	3.011533	11.485339	O	0.000000	0.000000	0.0153496 -0.09283 0.0662378
atom	14.646116	14.421605	5.962608	O	0.000000	0.000000	-0.0066343 0.143837 -0.142874
atom	8.836274	14.498458	5.583167	O	0.000000	0.000000	-0.129283 -0.017548 0.144525
atom	2.954937	14.523853	5.593223	O	0.000000	0.000000	0.0676986 -0.0184804 0.150444
atom	14.408892	8.372164	5.719113	O	0.000000	0.000000	0.0107322 0.106804 0.0486182
atom	8.954000	8.414943	5.977424	O	0.000000	0.000000	0.0152956 0.0391029 -0.102418
atom	8.886646	14.515856	11.601323	O	0.000000	0.000000	-0.00685704 -0.0194195 -0.077776
atom	3.035747	8.207150	5.587743	O	0.000000	0.000000	-0.00734051 0.017881 0.0935071
atom	9.220830	2.959375	5.696190	O	0.000000	0.000000	-0.108375 -0.0527723 0.0499064
atom	3.063936	3.023421	5.640590	O	0.000000	0.000000	-0.0801785 -0.167256 0.000717335
atom	14.455963	14.114757	17.086610	O	0.000000	0.000000	-0.0112042 0.0263932 0.11638
atom	9.065570	14.450614	17.460197	O	0.000000	0.000000	0.0152821 0.023824 0.0389477
atom	2.861473	14.661596	17.246898	O	0.000000	0.000000	0.0499989 -0.0365546 0.122831
atom	14.883890	8.641830	0.255471	O	0.000000	0.000000	-0.03375 -0.0806603 -0.0673301
atom	9.221700	8.720039	17.392426	O	0.000000	0.000000	-0.0717836 -0.0473021 -0.0254491
atom	3.256903	8.874358	0.430976	O	0.000000	0.000000	-0.0238372 0.0355077 -0.106088
atom	14.904075	3.203877	17.097936	O	0.000000	0.000000	-0.0392563 -0.118049 0.0152407
atom	8.968243	2.360185	0.145976	O	0.000000	0.000000	-0.0472874 0.152139 -0.0545403
atom	2.980966	2.469207	0.035773	O	0.000000	0.000000	0.158493 -0.0746009 -0.0216341
atom	14.755763	2.488435	5.642416	O	0.000000	0.000000	-0.0147016 0.000786584 0.0518556
atom	14.787463	11.346387	14.623960	O	0.000000	0.000000	0.203583 -0.0936832 0.00431303
energy		 -33.52237065
charge            0.00000
end
