# y=sqrt(m0/m) temperature[K] pressure[bar] T_cv[meV/molecule] T_cv_error[meV/molecule]
1 1000 100 511.036 0.0620361
0.707107 1000 100 454.724 0.0140866
0.5 1000 100 423.026 0.0727706
0.25 1000 100 396.977 0.00915547
1 1000 10 549.405 0.13037
0.707107 1000 10 480.243 0.0964959
0.5 1000 10 437.879 0.0574131
0.25 1000 10 401.256 0.0191684
1 1000 125 517.226 0.0697237
0.707107 1000 125 457.797 0.0451942
0.5 1000 125 424.491 0.028425
0.25 1000 125 397.353 0.00752383
1 1000 150 524.653 0.0801981
0.707107 1000 150 461.62 0.057953
0.5 1000 150 426.556 0.0108767
0.25 1000 150 397.873 0.00185787
1 1000 15 547.827 0.297563
0.707107 1000 15 479.593 0.117715
0.5 1000 15 437.772 0.0759106
0.25 1000 15 401.243 0.0153163
1 1000 175 531.889 0.0880178
0.707107 1000 175 465.601 0.023139
0.5 1000 175 428.598 0.0124154
0.25 1000 175 398.397 0.00785415
1 1000 200 538.383 0.0613716
0.707107 1000 200 469.251 0.0540977
0.5 1000 200 430.533 0.00983819
0.25 1000 200 398.917 0.0163292
1 1000 20 549.244 0.267603
0.707107 1000 20 480.447 0.10203
0.5 1000 20 438.407 0.0385326
0.25 1000 20 401.417 0.0152145
1 1000 225 544.712 0.0517545
0.707107 1000 225 472.693 nan
0.5 1000 225 432.288 0.0470086
0.25 1000 225 399.379 0.00529885
1 1000 250 550.115 0.100221
0.707107 1000 250 475.731 0.0362396
0.5 1000 250 433.971 0.0226749
0.25 1000 250 399.842 0.0220091
1 1000 300 560.433 0.0619785
0.707107 1000 300 481.467 0.113855
0.5 1000 300 437.036 0.0330409
0.25 1000 300 400.648 0.0180831
1 1000 30 533.253 0.191496
0.707107 1000 30 471.795 0.199195
0.5 1000 30 434.038 0.122333
0.25 1000 30 400.104 0.0287784
1 1000 350 569.958 0.107624
0.707107 1000 350 486.869 0.0705517
0.5 1000 350 439.95 0.0203888
0.25 1000 350 401.404 0.0162048
1 1000 400 578.406 0.103157
0.707107 1000 400 491.769 0.0668603
0.5 1000 400 442.704 0.0255656
0.25 1000 400 402.152 nan
1 1000 450 586.355 0.0774359
0.707107 1000 450 496.576 0.0839034
0.5 1000 450 445.293 nan
0.25 1000 450 402.86 0.00775335
1 1000 500 594.207 0.119042
0.707107 1000 500 501.391 0.104189
0.5 1000 500 447.9 0.0393207
0.25 1000 500 403.592 0.00532655
1 1000 50 513.222 nan
0.707107 1000 50 458.159 0.0445785
0.5 1000 50 425.45 0.0478562
0.25 1000 50 397.798 0.00563225
1 1000 550 601.47 0.119803
0.707107 1000 550 505.69 0.162534
0.5 1000 550 450.414 0.0647693
0.25 1000 550 404.306 nan
1 1000 600 608.715 0.112782
0.707107 1000 600 510.118 0.141534
0.5 1000 600 453.008 0.0290083
0.25 1000 600 405.02 0.0194108
1 1000 60 510.298 0.0559388
0.707107 1000 60 455.891 0.0553007
0.5 1000 60 424.068 0.0239165
0.25 1000 60 397.352 0.0043831
1 1000 75 508.569 0.05938
0.707107 1000 75 454.197 0.0119235
0.5 1000 75 422.958 0.0306355
0.25 1000 75 397.105 0.00815868
1 1125 100 549.117 0.0710145
0.707107 1125 100 497.079 0.0542031
0.5 1125 100 467.992 0.0237296
0.25 1125 100 444.492 0.00506144
1 1125 20 583.905 0.372049
0.707107 1125 20 521.341 0.135045
0.5 1125 20 482.2 0.0961505
0.25 1125 20 448.431 0.0314702
1 1125 250 584.885 0.0417687
0.707107 1125 250 515.789 0.0208598
0.5 1125 250 477.739 nan
0.25 1125 250 446.967 0.00638309
1 1125 30 576.698 0.302085
0.707107 1125 30 517.419 0.393254
0.5 1125 30 480.237 0.100762
0.25 1125 30 447.89 0.110902
1 1125 400 611.571 0.177665
0.707107 1125 400 530.705 0.053571
0.5 1125 400 485.636 0.0546725
0.25 1125 400 449.055 0.0121729
1 1125 50 552.261 0.0598692
0.707107 1125 50 500.552 0.043758
0.5 1125 50 470.428 0.0381008
0.25 1125 50 445.269 0.0102472
1 1125 600 640.295 0.0524152
0.707107 1125 600 547.652 0.0715695
0.5 1125 600 495.097 0.054036
0.25 1125 600 451.629 0.0211191
1 1250 100 589.132 0.0595873
0.707107 1250 100 540.448 0.0132716
0.5 1250 100 513.648 0.0155858
0.25 1250 100 492.214 0.0047469
1 1250 125 593.81 0.0371703
0.707107 1250 125 542.637 0.0485315
0.5 1250 125 514.746 0.0161705
0.25 1250 125 492.456 0.00370659
1 1250 150 599.814 0.0557054
0.707107 1250 150 545.711 0.042687
0.5 1250 150 516.229 nan
0.25 1250 150 492.837 0.0071851
1 1250 200 611.342 0.0929315
0.707107 1250 200 551.791 0.0336238
0.5 1250 200 519.471 0.0159558
0.25 1250 200 493.658 0.00979743
1 1250 20 621.648 0.0970446
0.707107 1250 20 561.2 0.0875123
0.5 1250 20 525.586 0.0533001
0.25 1250 20 495.472 0.0158219
1 1250 250 621.292 0.110342
0.707107 1250 250 557.169 nan
0.5 1250 250 522.238 nan
0.25 1250 250 494.376 0.00577566
1 1250 300 630.384 0.107348
0.707107 1250 300 562.184 0.0129182
0.5 1250 300 524.764 0.031059
0.25 1250 300 495.048 0.0141982
1 1250 30 620.056 0.139571
0.707107 1250 30 560.47 0.064322
0.5 1250 30 525.056 0.0739635
0.25 1250 30 495.344 0.0144025
1 1250 400 646.44 0.122512
0.707107 1250 400 570.872 0.0412542
0.5 1250 400 529.44 0.0476739
0.25 1250 400 496.243 0.0122963
1 1250 50 592.985 0.133184
0.707107 1250 50 544.315 0.108241
0.5 1250 50 516.017 0.0559296
0.25 1250 50 493 0.0186749
1 1250 600 673.76 0.109839
0.707107 1250 600 586.694 0.0641816
0.5 1250 600 538.181 0.0468538
0.25 1250 600 498.609 nan
1 1250 75 587.867 0.161647
0.707107 1250 75 540.35 0.0325173
0.5 1250 75 513.778 0.0257421
0.25 1250 75 492.366 nan
1 1375 100 630.213 0.0354598
0.707107 1375 100 584.643 nan
0.5 1375 100 559.845 0.018662
0.25 1375 100 540.058 nan
1 1375 250 659.588 0.0581024
0.707107 1375 250 599.655 0.037807
0.5 1375 250 567.427 0.0245322
0.25 1375 250 541.988 0.00445677
1 1375 30 659.779 0.124971
0.707107 1375 30 602.943 0.0752639
0.5 1375 30 570.186 0.0513459
0.25 1375 30 542.862 0.0244101
1 1375 400 683.26 0.107135
0.707107 1375 400 612.539 0.0356341
0.5 1375 400 574.143 0.0537124
0.25 1375 400 543.708 0.0103399
1 1375 50 634.564 0.158781
0.707107 1375 50 589.216 0.0698419
0.5 1375 50 562.755 0.0843316
0.25 1375 50 540.905 0.00240115
1 1375 600 708.891 0.102313
0.707107 1375 600 627.134 0.0930785
0.5 1375 600 581.972 0.0307879
0.25 1375 600 545.767 0.0282943
1 1375 75 629.327 0.062301
0.707107 1375 75 584.827 0.062901
0.5 1375 75 560.085 0.0469097
0.25 1375 75 540.143 0.0100682
1 1500 100 672.507 nan
0.707107 1500 100 629.556 0.0330236
0.5 1500 100 606.413 0.0621271
0.25 1500 100 588.04 nan
1 1500 125 676.092 0.018238
0.707107 1500 125 631.214 0.025113
0.5 1500 125 607.14 0.032871
0.25 1500 125 588.186 0.00611771
1 1500 150 680.888 0.0541725
0.707107 1500 150 633.525 0.0350997
0.5 1500 150 608.33 0.0230821
0.25 1500 150 588.509 0.0124662
1 1500 175 686.015 0.0561135
0.707107 1500 175 636.127 nan
0.5 1500 175 609.58 nan
0.25 1500 175 588.818 0.00545508
1 1500 200 690.575 0.0688058
0.707107 1500 200 638.485 0.0449271
0.5 1500 200 610.825 0.0221616
0.25 1500 200 589.139 0.00542236
1 1500 20 701.112 0.122582
0.707107 1500 20 646.767 0.0891152
0.5 1500 20 615.897 0.0445605
0.25 1500 20 590.575 0.0180117
1 1500 250 699.36 0.0766076
0.707107 1500 250 643.055 0.0272055
0.5 1500 250 613.134 0.022307
0.25 1500 250 589.741 0.0134528
1 1500 300 707.142 0.0498748
0.707107 1500 300 647.213 nan
0.5 1500 300 615.258 0.0165164
0.25 1500 300 590.258 0.00935945
1 1500 30 700.101 0.0959058
0.707107 1500 30 646.371 0.0604158
0.5 1500 30 615.652 0.0482002
0.25 1500 30 590.526 0.0152071
1 1500 350 714.552 0.0825268
0.707107 1500 350 651.152 0.0199861
0.5 1500 350 617.32 nan
0.25 1500 350 590.784 0.00236065
1 1500 400 721.701 0.104728
0.707107 1500 400 654.929 0.0368993
0.5 1500 400 619.301 0.0199275
0.25 1500 400 591.297 0.0169031
1 1500 40 694.874 0.107403
0.707107 1500 40 643.504 0.0921268
0.5 1500 40 614.042 0.04458
0.25 1500 40 590.135 0.0168746
1 1500 450 728.56 0.0969657
0.707107 1500 450 658.541 0.0597993
0.5 1500 450 621.201 0.0586885
0.25 1500 450 591.769 0.00841655
1 1500 500 735.156 0.208451
0.707107 1500 500 662.054 0.0252694
0.5 1500 500 622.983 0.0309675
0.25 1500 500 592.247 0.00253869
1 1500 50 680.047 0.164873
0.707107 1500 50 635.22 0.172697
0.5 1500 50 609.896 0.128931
0.25 1500 50 589.152 0.0327299
1 1500 550 741.221 0.231587
0.707107 1500 550 665.496 0.151213
0.5 1500 550 624.891 0.0576853
0.25 1500 550 592.751 0.0164535
1 1500 600 746.41 0.225354
0.707107 1500 600 668.463 0.0134696
0.5 1500 600 626.484 0.0413648
0.25 1500 600 593.221 0.00571217
1 1500 60 674.903 0.172745
0.707107 1500 60 632.053 0.0793363
0.5 1500 60 607.768 0.0464398
0.25 1500 60 588.43 0.0107447
1 1500 75 672.113 0.0582279
0.707107 1500 75 629.848 0.0818992
0.5 1500 75 606.697 0.0446093
0.25 1500 75 588.112 0.0129477
1 1625 100 715.558 0.089404
0.707107 1625 100 675.271 0.042888
0.5 1625 100 653.42 0.0175744
0.25 1625 100 636.204 0.0171919
1 1625 250 739.212 0.00945147
0.707107 1625 250 687.149 0.0558244
0.5 1625 250 659.489 0.0364972
0.25 1625 250 637.752 0.0253606
1 1625 30 738.034 0.119278
0.707107 1625 30 688.914 0.0896381
0.5 1625 30 660.976 0.0688963
0.25 1625 30 638.206 0.0433114
1 1625 400 759.557 0.0828834
0.707107 1625 400 698.034 0.0587218
0.5 1625 400 665.111 0.0541049
0.25 1625 400 639.222 0.0129647
1 1625 40 736.156 0.072225
0.707107 1625 40 687.716 0.0517338
0.5 1625 40 660.378 0.0786771
0.25 1625 40 638.083 0.0311236
1 1625 50 730.188 0.362312
0.707107 1625 50 685.01 0.113553
0.5 1625 50 658.749 0.110407
0.25 1625 50 637.698 0.0141033
1 1625 600 781.673 0.242535
0.707107 1625 600 710.466 0.14577
0.5 1625 600 671.578 0.0584143
0.25 1625 600 640.971 0.0212481
1 1625 75 715.48 0.0788827
0.707107 1625 75 675.748 0.0786774
0.5 1625 75 653.755 0.0270985
0.25 1625 75 636.341 0.0143699
1 1750 100 759.893 0.113293
0.707107 1750 100 721.096 0.0566665
0.5 1750 100 700.566 nan
0.25 1750 100 684.181 0.00515878
1 1750 125 762.13 0.0332332
0.707107 1750 125 722.099 0.0305128
0.5 1750 125 700.88 0.0188157
0.25 1750 125 684.291 0.00446008
1 1750 150 765.967 0.0440739
0.707107 1750 150 724.061 0.0428337
0.5 1750 150 701.813 0.0161713
0.25 1750 150 684.518 0.00644795
1 1750 200 773.935 0.0694851
0.707107 1750 200 728.091 0.0563867
0.5 1750 200 703.867 0.0234398
0.25 1750 200 685.029 0.000474101
1 1750 250 781.251 0.0519791
0.707107 1750 250 731.851 0.056338
0.5 1750 250 705.768 0.0131662
0.25 1750 250 685.524 0.0101351
1 1750 300 787.898 0.0940581
0.707107 1750 300 735.332 0.0640865
0.5 1750 300 707.49 0.0552442
0.25 1750 300 685.972 0.00755638
1 1750 30 780.243 0.114712
0.707107 1750 30 733.474 0.0724526
0.5 1750 30 707.559 0.0665277
0.25 1750 30 685.968 0.010972
1 1750 400 800.413 0.0810592
0.707107 1750 400 741.915 0.00381094
0.5 1750 400 710.909 nan
0.25 1750 400 686.843 0.00619451
1 1750 40 778.6 0.110556
0.707107 1750 40 732.549 0.0718084
0.5 1750 40 706.634 0.0438357
0.25 1750 40 685.866 0.025882
1 1750 50 774.666 0.0884938
0.707107 1750 50 730.219 0.0701338
0.5 1750 50 705.559 0.0401652
0.25 1750 50 685.567 0.00904808
1 1750 600 820.302 0.153094
0.707107 1750 600 753.072 0.110237
0.5 1750 600 716.977 0.0109877
0.25 1750 600 688.383 nan
1 1750 75 760.524 0.206287
0.707107 1750 75 722.17 0.0783508
0.5 1750 75 701.17 0.0880393
0.25 1750 75 684.42 0.0242821
1 1875 100 804.342 0.110882
0.707107 1875 100 767.548 0.0818108
0.5 1875 100 747.858 0.0571424
0.25 1875 100 732.393 0.0103467
1 1875 250 823.563 0.041162
0.707107 1875 250 777.013 0.0305786
0.5 1875 250 752.481 0.0197627
0.25 1875 250 733.537 0.00415885
1 1875 400 841.381 0.0982762
0.707107 1875 400 786.282 0.0499542
0.5 1875 400 757.276 0.0231636
0.25 1875 400 734.746 0.00762543
1 1875 40 819.832 0.0704528
0.707107 1875 40 776.831 0.0620585
0.5 1875 40 752.803 0.0395089
0.25 1875 40 733.684 0.0144238
1 1875 50 817.706 0.0837649
0.707107 1875 50 775.425 0.0340563
0.5 1875 50 752.237 0.0238446
0.25 1875 50 733.55 0.01206
1 1875 600 858.119 0.419779
0.707107 1875 600 796.189 0.170641
0.5 1875 600 762.588 0.0775591
0.25 1875 600 736.078 0.0207479
1 1875 75 806.351 0.137984
0.707107 1875 75 769.236 0.131557
0.5 1875 75 748.823 0.0697658
0.25 1875 75 732.686 0.0345252
1 2000 100 849.876 0.108557
0.707107 2000 100 814.426 0.0805608
0.5 2000 100 795.414 nan
0.25 2000 100 780.614 0.0151665
1 2000 125 850.886 0.0728175
0.707107 2000 125 814.632 0.0404608
0.5 2000 125 795.524 0.0218801
0.25 2000 125 780.628 0.00310128
1 2000 150 853.735 0.0424842
0.707107 2000 150 816.029 0.0425187
0.5 2000 150 796.209 0.0369379
0.25 2000 150 780.786 nan
1 2000 175 857.087 0.0455371
0.707107 2000 175 817.657 0.0373506
0.5 2000 175 796.929 0.0111158
0.25 2000 175 781.002 0.00379304
1 2000 200 860.399 0.0317535
0.707107 2000 200 819.322 0.00840532
0.5 2000 200 797.796 0.0128087
0.25 2000 200 781.197 0.0100283
1 2000 225 863.535 0.0671996
0.707107 2000 225 820.914 0.0598653
0.5 2000 225 798.66 0.0125338
0.25 2000 225 781.401 nan
1 2000 250 866.472 nan
0.707107 2000 250 822.472 nan
0.5 2000 250 799.391 0.0176039
0.25 2000 250 781.603 0.00328539
1 2000 300 872.091 0.0717874
0.707107 2000 300 825.352 nan
0.5 2000 300 800.854 0.01941
0.25 2000 300 781.981 nan
1 2000 30 865.922 0.0722821
0.707107 2000 30 823.474 0.0869768
0.5 2000 30 800.282 0.0416357
0.25 2000 30 781.923 0.0107032
1 2000 350 877.671 0.0441565
0.707107 2000 350 828.219 0.047149
0.5 2000 350 802.348 0.0181776
0.25 2000 350 782.341 nan
1 2000 400 882.645 0.130171
0.707107 2000 400 830.956 nan
0.5 2000 400 803.75 0.0229049
0.25 2000 400 782.716 0.00411234
1 2000 40 863.045 0.0588729
0.707107 2000 40 822.014 0.109566
0.5 2000 40 799.547 0.0320963
0.25 2000 40 781.713 0.0125925
1 2000 450 887.336 0.0776669
0.707107 2000 450 833.593 0.0745955
0.5 2000 450 805.149 0.03209
0.25 2000 450 783.054 0.00539739
1 2000 500 892.06 0.15543
0.707107 2000 500 836.133 0.13513
0.5 2000 500 806.291 0.0392366
0.25 2000 500 0 nan
1 2000 50 861.276 0.0738098
0.707107 2000 50 821.097 0.0441049
0.5 2000 50 799.131 0.011164
0.25 2000 50 781.576 0.0122145
1 2000 550 894.51 0.452246
0.707107 2000 550 837.378 0.29206
0.5 2000 550 807.551 0.0593788
0.25 2000 550 783.675 0.0169765
1 2000 600 882.661 0.16702
0.707107 2000 600 838.559 0.22224
0.5 2000 600 807.319 0.359543
0.25 2000 600 783.856 0.0867571
1 2000 60 858.656 0.0212942
0.707107 2000 60 819.743 0.0411891
0.5 2000 60 798.337 0.0224217
0.25 2000 60 781.408 0.00500333
1 2000 75 855.708 0.27734
0.707107 2000 75 817.884 0.241797
0.5 2000 75 797.463 0.0904241
0.25 2000 75 781.178 0.0149451
1 2125 100 895.468 0.105075
0.707107 2125 100 861.862 0.123037
0.5 2125 100 843.526 0.104777
0.25 2125 100 829.033 0.0375583
1 2125 250 909.63 0.0351125
0.707107 2125 250 868.23 0.0402389
0.5 2125 250 846.519 0.0228961
0.25 2125 250 829.765 0.0182877
1 2125 400 924.367 nan
0.707107 2125 400 875.836 0.0466165
0.5 2125 400 850.474 0.0401854
0.25 2125 400 830.822 0.0189734
1 2125 40 906.484 0.0492594
0.707107 2125 40 867.747 0.0854811
0.5 2125 40 846.595 0.0088686
0.25 2125 40 829.843 0.0234842
1 2125 50 904.888 0.0565772
0.707107 2125 50 866.853 0.0625082
0.5 2125 50 846.075 0.0352774
0.25 2125 50 829.682 0.0114652
1 2125 600 924.459 0.1311
0.707107 2125 600 877.36 0.336808
0.5 2125 600 851.187 0.0669917
0.25 2125 600 0 nan
1 2125 75 900.469 0.0344
0.707107 2125 75 864.458 0.0525752
0.5 2125 75 844.785 0.024247
0.25 2125 75 829.347 0.00841592
1 2250 100 943.911 0.0653037
0.707107 2250 100 909.779 0.106723
0.5 2250 100 891.599 0.0715903
0.25 2250 100 877.385 0.0279083
1 2250 125 941.997 0.0573004
0.707107 2250 125 908.579 0.0660201
0.5 2250 125 890.823 0.0512125
0.25 2250 125 877.171 0.0127601
1 2250 150 943.539 0.0324904
0.707107 2250 150 909.177 0.0305789
0.5 2250 150 891.202 0.0202129
0.25 2250 150 877.265 0.00686991
1 2250 200 948.775 0.0599
0.707107 2250 200 911.713 0.022105
0.5 2250 200 892.425 0.0120718
0.25 2250 200 877.541 nan
1 2250 250 953.698 0.036242
0.707107 2250 250 914.234 0.0245229
0.5 2250 250 893.684 0.0112176
0.25 2250 250 877.872 0.00972754
1 2250 300 958.365 0.0629675
0.707107 2250 300 916.627 0.0324549
0.5 2250 300 894.871 0.0194112
0.25 2250 300 878.158 0.0117436
1 2250 400 965.958 0.145586
0.707107 2250 400 920.899 0.0459156
0.5 2250 400 897.068 0.0818274
0.25 2250 400 878.761 0.0206098
1 2250 40 950.92 0.071493
0.707107 2250 40 913.698 0.0680615
0.5 2250 40 893.65 0.0506474
0.25 2250 40 0 nan
1 2250 50 949.366 0.0789139
0.707107 2250 50 912.996 0.0318204
0.5 2250 50 893.265 0.0407456
0.25 2250 50 877.825 nan
1 2250 600 967.899 0.120295
0.707107 2250 600 922.075 0.0449354
0.5 2250 600 897.802 0.0524235
0.25 2250 600 878.934 nan
1 2250 75 945.354 0.0514864
0.707107 2250 75 910.746 0.0367308
0.5 2250 75 892.149 0.0128361
0.25 2250 75 877.512 0.00794624
1 2375 100 989.131 0.0510514
0.707107 2375 100 956.575 0.0317576
0.5 2375 100 939.186 0.0160849
0.25 2375 100 925.619 0.00869639
1 2375 250 997.388 0.0898162
0.707107 2375 250 960.32 0.0445215
0.5 2375 250 940.933 0.0184631
0.25 2375 250 926.037 0.0104322
1 2375 400 1002.21 0.451407
0.707107 2375 400 964.471 0.175783
0.5 2375 400 943.718 0.0667415
0.25 2375 400 926.771 0.0439037
1 2375 40 995.02 0.0375239
0.707107 2375 40 959.749 0.033129
0.5 2375 40 940.899 0.0575371
0.25 2375 40 926.074 0.0128713
1 2375 50 993.051 0.0565274
0.707107 2375 50 958.732 0.036524
0.5 2375 50 940.36 0.0277842
0.25 2375 50 925.917 0.0100334
1 2375 600 1010.75 0.113597
0.707107 2375 600 967.561 0.101215
0.5 2375 600 944.774 0.0639694
0.25 2375 600 927.042 0.0177065
1 2375 75 990.06 0.0488729
0.707107 2375 75 957.18 0.0319965
0.5 2375 75 939.518 0.0275512
0.25 2375 75 925.692 0.00578745
1 2500 100 1034.62 0.0571888
0.707107 2500 100 1003.29 0.018735
0.5 2500 100 986.773 0.00704513
0.25 2500 100 973.846 0.0136412
1 2500 125 1034.6 0.0616004
0.707107 2500 125 1003.28 0.0346566
0.5 2500 125 986.762 0.0208222
0.25 2500 125 973.846 0.0056676
1 2500 150 1035.17 0.0405186
0.707107 2500 150 1003.53 0.0602472
0.5 2500 150 986.819 0.033923
0.25 2500 150 973.898 0.00450153
1 2500 175 1036.3 0.0571441
0.707107 2500 175 1003.95 0.00437799
0.5 2500 175 986.995 0.0186381
0.25 2500 175 973.893 0.00691446
1 2500 200 1037.9 0.0754956
0.707107 2500 200 1004.77 0.0354235
0.5 2500 200 987.395 0.0154561
0.25 2500 200 973.983 nan
1 2500 225 1039.65 0.265218
0.707107 2500 225 1005.63 nan
0.5 2500 225 987.8 0.047928
0.25 2500 225 974.106 nan
1 2500 250 1040.86 0.266302
0.707107 2500 250 1005.36 nan
0.5 2500 250 988.254 0.0156416
0.25 2500 250 974.153 nan
1 2500 300 1041.34 0.212656
0.707107 2500 300 1007.24 nan
0.5 2500 300 988.558 0.0357638
0.25 2500 300 974.345 nan
1 2500 350 1043 0.0710375
0.707107 2500 350 1007.48 0.0586531
0.5 2500 350 988.787 0.0230508
0.25 2500 350 974.422 0.018659
1 2500 400 1045.66 0.0672613
0.707107 2500 400 1008.91 0.0924974
0.5 2500 400 989.575 0.0767526
0.25 2500 400 974.509 nan
1 2500 450 0 nan
0.707107 2500 450 1010.08 0.0538566
0.5 2500 450 990.142 0.0386295
0.25 2500 450 974.712 0.0164747
1 2500 500 1050.4 0.0970067
0.707107 2500 500 1011.38 nan
0.5 2500 500 990.765 0.0198985
0.25 2500 500 974.866 0.00242111
1 2500 50 1038.01 0.0508383
0.707107 2500 50 1005.34 0.0231636
0.5 2500 50 987.822 0.0143176
0.25 2500 50 974.113 0.0043615
1 2500 550 1052.79 0.0756197
0.707107 2500 550 1012.58 0.0496723
0.5 2500 550 991.32 0.0235673
0.25 2500 550 975.017 nan
1 2500 600 1055.01 0.0798948
0.707107 2500 600 1013.73 0.0321041
0.5 2500 600 992.075 0.0195128
0.25 2500 600 975.19 0.00477289
1 2500 60 1036.66 0.0445371
0.707107 2500 60 1004.47 0.0267588
0.5 2500 60 987.356 0.020723
0.25 2500 60 974.01 0.00812074
1 2500 75 1035.42 0.0475912
0.707107 2500 75 1003.84 0.0391895
0.5 2500 75 987.042 0.0248817
0.25 2500 75 973.922 0.00441894
1 2625 100 1080.07 0.0537557
0.707107 2625 100 1050.15 0.0224632
0.5 2625 100 1034.4 0.0235924
0.25 2625 100 1022.09 0.00526878
1 2625 250 1084.09 0.0126299
0.707107 2625 250 1052.13 0.00956668
0.5 2625 250 1035.3 0.00987459
0.25 2625 250 1022.32 0.00661632
1 2625 400 1090.09 0.0670998
0.707107 2625 400 1055.12 0.0490112
0.5 2625 400 1036.78 0.0188652
0.25 2625 400 1022.71 0.0133944
1 2625 50 1083.41 0.0592455
0.707107 2625 50 1051.93 0.0337048
0.5 2625 50 1035.28 0.0314235
0.25 2625 50 1022.35 0.00639385
1 2625 600 1099.55 0.0537233
0.707107 2625 600 1060.07 0.0515872
0.5 2625 600 1039.3 0.0510546
0.25 2625 600 1023.34 0.0079151
1 2625 75 1080.77 0.0575594
0.707107 2625 75 1050.64 0.0361001
0.5 2625 75 1034.61 0.00929129
0.25 2625 75 1022.16 0.00636854
1 2750 100 1125.5 0.0315501
0.707107 2750 100 1097.08 0.0245814
0.5 2750 100 1081.99 0.0112417
0.25 2750 100 1070.36 0.00718432
1 2750 125 1125.73 0.0521804
0.707107 2750 125 1097.13 0.0240005
0.5 2750 125 1082.02 0.0116407
0.25 2750 125 1070.36 0.00511758
1 2750 150 1126.26 0.0467222
0.707107 2750 150 1097.3 0.0206541
0.5 2750 150 1082.12 0.0114697
0.25 2750 150 1070.38 0.00261453
1 2750 200 1127.67 0.0413329
0.707107 2750 200 1098.05 0.0129532
0.5 2750 200 1082.46 0.00399539
0.25 2750 200 1070.47 0.00861807
1 2750 250 1129.28 0.0411339
0.707107 2750 250 1098.81 0.0164528
0.5 2750 250 1082.87 0.0246152
0.25 2750 250 1070.56 nan
1 2750 300 1131.02 0.0104344
0.707107 2750 300 1099.63 0.0371894
0.5 2750 300 1083.32 0.0247256
0.25 2750 300 1070.67 0.00685369
1 2750 400 1135.2 0.0133235
0.707107 2750 400 1101.77 0.00933103
0.5 2750 400 1084.36 0.00999081
0.25 2750 400 1070.94 0.00499423
1 2750 50 1128.64 0.0513974
0.707107 2750 50 1098.68 0.0226192
0.5 2750 50 1082.87 0.0218096
0.25 2750 50 1070.59 0.00362111
1 2750 600 1144.38 0.0990502
0.707107 2750 600 1106.48 0.0857433
0.5 2750 600 1086.76 0.0325348
0.25 2750 600 1071.55 0.0204901
1 2750 75 1126.42 0.0507506
0.707107 2750 75 1097.43 0.0197726
0.5 2750 75 1082.25 0.0179163
0.25 2750 75 1070.41 0.00813693
1 2875 100 1171.47 0.0523985
0.707107 2875 100 1144.09 0.0221198
0.5 2875 100 1129.74 0.00702653
0.25 2875 100 1118.64 0.00310997
1 2875 250 1175 0.0440487
0.707107 2875 250 1145.77 0.0324718
0.5 2875 250 1130.52 nan
0.25 2875 250 1118.84 0.00527005
1 2875 400 1180.69 0.0175179
0.707107 2875 400 1148.66 nan
0.5 2875 400 1132.04 0.0238944
0.25 2875 400 1119.21 0.00764822
1 2875 50 1174.17 0.0597401
0.707107 2875 50 1145.61 0.0377468
0.5 2875 50 1130.5 0.0102873
0.25 2875 50 1118.83 0.00529492
1 2875 600 1189.59 0.0393825
0.707107 2875 600 1153.23 nan
0.5 2875 600 1134.29 0.02943
0.25 2875 600 1119.78 0.0073126
1 2875 75 1171.97 0.0605228
0.707107 2875 75 1144.32 0.0234925
0.5 2875 75 1129.88 0.00555874
0.25 2875 75 1118.68 0.00617193
1 2875 85 1171.72 0.0371168
0.707107 2875 85 1144.26 0.0383048
0.5 2875 85 1129.86 nan
0.25 2875 85 1118.65 0.00532857
1 3000 100 1217.43 0.0404603
0.707107 3000 100 1191.3 0.0117374
0.5 3000 100 1177.52 nan
0.25 3000 100 1166.96 0.00484507
1 3000 125 1217.54 0.007387
0.707107 3000 125 1191.26 0.022502
0.5 3000 125 1177.5 0.0155807
0.25 3000 125 1166.92 0.00415244
1 3000 150 1218 0.0367223
0.707107 3000 150 1191.5 0.0410298
0.5 3000 150 1177.63 0.0022993
0.25 3000 150 1166.97 0.00422159
1 3000 175 1218.68 0.0447673
0.707107 3000 175 1191.77 0.0215721
0.5 3000 175 1177.78 0.0170362
0.25 3000 175 1167 0.00271635
1 3000 200 1219.34 0.0130762
0.707107 3000 200 1192.03 0.0592532
0.5 3000 200 1178.06 nan
0.25 3000 200 1167.04 nan
1 3000 225 1219.93 0.041572
0.707107 3000 225 1192.45 0.0136275
0.5 3000 225 1178.08 0.0155879
0.25 3000 225 1167.06 0.0032721
1 3000 250 1220.73 0.00568268
0.707107 3000 250 1192.75 nan
0.5 3000 250 1178.3 0.015935
0.25 3000 250 1167.13 0.00286839
1 3000 300 1222.34 0.0331253
0.707107 3000 300 1193.56 nan
0.5 3000 300 1178.64 0.0102307
0.25 3000 300 1167.24 0.0097626
1 3000 350 1224.24 0.064983
0.707107 3000 350 1194.53 0.00875649
0.5 3000 350 1179.13 0.0226513
0.25 3000 350 1167.34 nan
1 3000 400 1226.27 0.0539552
0.707107 3000 400 1195.65 0.0425778
0.5 3000 400 1179.69 0.0202521
0.25 3000 400 1167.5 0.00400807
1 3000 450 1228.46 0.0700694
0.707107 3000 450 1196.74 0.0275226
0.5 3000 450 1180.29 0.0180927
0.25 3000 450 1167.64 0.00995632
1 3000 500 1230.55 0.068665
0.707107 3000 500 1197.85 nan
0.5 3000 500 1180.81 nan
0.25 3000 500 1167.77 nan
1 3000 50 1219.92 0.0593521
0.707107 3000 50 1192.64 0.0357951
0.5 3000 50 1178.22 0.0239988
0.25 3000 50 1167.14 0.00758902
1 3000 550 1232.81 0.0105427
0.707107 3000 550 1198.95 0.0678774
0.5 3000 550 1181.39 0.0154569
0.25 3000 550 1167.9 0.00790991
1 3000 600 1234.79 0.112155
0.707107 3000 600 1200.05 0.013563
0.5 3000 600 1181.93 0.0297505
0.25 3000 600 1168.04 0.00722064
1 3000 75 1217.74 0.059434
0.707107 3000 75 1191.52 0.0257426
0.5 3000 75 1177.69 0.0158011
0.25 3000 75 1166.98 0.00465358
1 3000 85 1217.69 0.0218276
0.707107 3000 85 1191.33 0.0332594
0.5 3000 85 1177.6 0.0286439
0.25 3000 85 1166.94 0.0121642
1 3125 100 1263.76 0.0199196
0.707107 3125 100 1238.54 0.0205088
0.5 3125 100 1225.37 0.0124417
0.25 3125 100 1215.24 0.00245798
1 3125 250 1266.96 0.0365424
0.707107 3125 250 1240.09 0.021986
0.5 3125 250 1226.14 0.0222014
0.25 3125 250 1215.42 0.005587
1 3125 75 1264.07 0.0360588
0.707107 3125 75 1238.71 0.0248879
0.5 3125 75 1225.46 0.00590889
0.25 3125 75 1215.27 0.00259375
1 3125 85 1263.98 0.0167129
0.707107 3125 85 1238.68 0.0339445
0.5 3125 85 1225.47 nan
0.25 3125 85 1215.25 0.00441139
1 3250 100 1309.96 0.0426153
0.707107 3250 100 1285.83 0.00996612
0.5 3250 100 1273.25 0.014922
0.25 3250 100 1263.59 0.00725816
1 3250 125 1310.02 0.0359605
0.707107 3250 125 1285.87 0.0205738
0.5 3250 125 1273.28 0.0141212
0.25 3250 125 1263.58 0.00734408
1 3250 150 1310.51 0.054836
0.707107 3250 150 1286.11 0.0080259
0.5 3250 150 1273.37 0.0217041
0.25 3250 150 1263.63 0.00564168
1 3250 200 1311.69 0.048328
0.707107 3250 200 1286.64 0.0306754
0.5 3250 200 1273.71 nan
0.25 3250 200 1263.7 0.006302
1 3250 250 1313.02 0.0295307
0.707107 3250 250 1287.37 0.0220354
0.5 3250 250 1273.96 0.0213354
0.25 3250 250 1263.8 0.000627203
1 3250 300 1314.65 0.0317046
0.707107 3250 300 1288.15 0.0264108
0.5 3250 300 1274.38 0.0145342
0.25 3250 300 1263.89 0.00305611
1 3250 400 1318.23 0.0430824
0.707107 3250 400 1289.93 0.0384732
0.5 3250 400 1275.38 0.00799213
0.25 3250 400 1264.13 0.00210958
1 3250 600 1326.2 0.0491135
0.707107 3250 600 1294.17 0.0169395
0.5 3250 600 1277.49 0.0110145
0.25 3250 600 1264.69 0.00283527
1 3250 75 1309.97 0.0699518
0.707107 3250 75 1285.95 0.0369936
0.5 3250 75 1273.36 0.0189833
0.25 3250 75 1263.6 0.00611253
1 3250 85 1309.68 0.0328149
0.707107 3250 85 1285.81 nan
0.5 3250 85 1273.22 nan
0.25 3250 85 1263.59 0.0146447
1 3375 100 1356.5 0.0448019
0.707107 3375 100 1333.29 0.0259246
0.5 3375 100 1321.17 0.00746474
0.25 3375 100 1311.89 0.00716193
1 3375 85 1356.27 0.0319452
0.707107 3375 85 1333.18 0.0354689
0.5 3375 85 1321.1 0.0158657
0.25 3375 85 1311.88 0.0068591
1 3500 100 1402.67 0.023512
0.707107 3500 100 1380.49 0.0222756
0.5 3500 100 1368.99 0.0234328
0.25 3500 100 1360.2 0.00103358
1 3500 125 1403.28 0.0235828
0.707107 3500 125 1380.8 0.0317092
0.5 3500 125 1369.16 0.0132237
0.25 3500 125 1360.24 nan
1 3500 150 1403.73 0.0263522
0.707107 3500 150 1381.01 0.0288282
0.5 3500 150 1369.26 0.0235441
0.25 3500 150 1360.26 0.00855574
1 3500 175 1404.24 0.0273547
0.707107 3500 175 1381.28 0.0215073
0.5 3500 175 1369.4 0.0068526
0.25 3500 175 1360.29 0.00501171
1 3500 200 1404.87 0.0172859
0.707107 3500 200 1381.54 nan
0.5 3500 200 1369.52 0.0118329
0.25 3500 200 1360.33 0.00403629
1 3500 225 1405.48 0.0367854
0.707107 3500 225 1381.82 0.0190089
0.5 3500 225 1369.64 0.0186059
0.25 3500 225 1360.37 0.0115521
1 3500 250 1406.1 0.0289844
0.707107 3500 250 1382.18 0.0582817
0.5 3500 250 1369.83 0.00759318
0.25 3500 250 1360.42 0.00762531
1 3500 300 1407.65 0.0540494
0.707107 3500 300 1382.88 0.0171961
0.5 3500 300 1370.2 0.0133257
0.25 3500 300 1360.5 nan
1 3500 350 1409.25 0.0295975
0.707107 3500 350 1383.73 0.0281432
0.5 3500 350 1370.61 0.0131026
0.25 3500 350 1360.61 0.00621354
1 3500 400 1411.17 0.0448537
0.707107 3500 400 1384.68 0.0226097
0.5 3500 400 1371.12 0.0143346
0.25 3500 400 1360.73 nan
1 3500 450 1413.09 0.0791033
0.707107 3500 450 1385.7 0.0511662
0.5 3500 450 1371.65 0.0101628
0.25 3500 450 1360.84 0.0102105
1 3500 500 1415.03 0.0915327
0.707107 3500 500 1386.64 0.0264881
0.5 3500 500 1372.12 0.0260519
0.25 3500 500 1360.98 0.0164272
1 3500 550 1416.99 0.0691744
0.707107 3500 550 1387.6 0.0236311
0.5 3500 550 1372.58 nan
0.25 3500 550 1361.1 0.00500291
1 3500 600 1418.7 nan
0.707107 3500 600 1388.63 0.0221636
0.5 3500 600 1373.07 0.0279464
0.25 3500 600 1361.23 nan
1 3500 75 1403.17 0.0374828
0.707107 3500 75 1380.79 0.0244261
0.5 3500 75 1369.16 0.0156833
0.25 3500 75 1360.24 0.00489015
1 3625 100 1449.33 0.0371483
0.707107 3625 100 1428.06 nan
0.5 3625 100 1416.99 0.0116192
0.25 3625 100 1408.55 0.00157109
1 3750 100 1496.14 0.0378611
0.707107 3750 100 1475.64 0.0241744
0.5 3750 100 1465.03 0.00915729
0.25 3750 100 1456.91 0.00353687
1 3750 125 1496.89 0.0374835
0.707107 3750 125 1475.97 0.0262435
0.5 3750 125 1465.19 0.012025
0.25 3750 125 0 nan
1 3750 150 1497.34 0.0319731
0.707107 3750 150 1476.2 0.0158611
0.5 3750 150 1465.33 nan
0.25 3750 150 1456.97 0.007083
1 3750 200 1498.45 0.0149691
0.707107 3750 200 1476.73 0.0336224
0.5 3750 200 1465.54 0.0108067
0.25 3750 200 1457.04 0.00302871
1 3750 250 1499.67 0.0382538
0.707107 3750 250 1477.4 0.0222409
0.5 3750 250 1465.84 0.0127439
0.25 3750 250 1457.12 0.00579679
1 3750 300 1501.13 0.0500062
0.707107 3750 300 1477.99 0.0294887
0.5 3750 300 1466.21 0.0141813
0.25 3750 300 1457.2 0.00698162
1 3750 400 1504.53 0.0457699
0.707107 3750 400 1479.74 nan
0.5 3750 400 1467.06 0.00123953
0.25 3750 400 1457.41 nan
1 3750 600 1511.84 0.0175664
0.707107 3750 600 1483.48 0.0338606
0.5 3750 600 1468.92 0.00982809
0.25 3750 600 1457.89 nan
1 4000 100 1590.03 0.0679306
0.707107 4000 100 1570.93 0.0195334
0.5 4000 100 1561.15 0.0410604
0.25 4000 100 1553.64 0.00779628
1 4000 125 1590.64 0.0392938
0.707107 4000 125 1571.33 0.0210291
0.5 4000 125 1561.31 0.0115425
0.25 4000 125 1553.7 0.00445502
1 4000 150 1591.14 0.0290218
0.707107 4000 150 1571.48 0.0219879
0.5 4000 150 1561.41 0.00776893
0.25 4000 150 1553.72 0.00262279
1 4000 175 1591.69 0.0349931
0.707107 4000 175 1571.77 0.0317246
0.5 4000 175 1561.54 0.0129895
0.25 4000 175 1553.75 0.00525819
1 4000 200 1592.22 0.0229052
0.707107 4000 200 1572.03 nan
0.5 4000 200 1561.69 0.0124262
0.25 4000 200 1553.79 0.00489871
1 4000 225 1592.85 0.0689552
0.707107 4000 225 1572.38 nan
0.5 4000 225 1561.82 0.0227259
0.25 4000 225 1553.82 0.00199894
1 4000 250 1593.4 0.0364009
0.707107 4000 250 1572.62 nan
0.5 4000 250 1561.96 0.0113074
0.25 4000 250 1553.85 0.0164142
1 4000 300 1594.82 0.026904
0.707107 4000 300 1573.35 0.0249457
0.5 4000 300 1562.31 0.0140937
0.25 4000 300 1553.94 0.00748337
1 4000 350 1596.42 0.0252033
0.707107 4000 350 1574.13 0.01604
0.5 4000 350 1562.74 0.00823072
0.25 4000 350 1554.04 0.00285869
1 4000 400 1598.09 0.0358017
0.707107 4000 400 1574.99 0.0231681
0.5 4000 400 1563.14 0.0153559
0.25 4000 400 1554.14 nan
1 4000 450 1599.96 0.0559411
0.707107 4000 450 1575.94 0.0330047
0.5 4000 450 1563.62 0.00891447
0.25 4000 450 1554.26 0.0116835
1 4000 500 1601.67 0.0334982
0.707107 4000 500 1576.75 nan
0.5 4000 500 1564.05 0.0349346
0.25 4000 500 1554.38 0.0040911
1 4000 550 1603.43 nan
0.707107 4000 550 1577.64 0.0286945
0.5 4000 550 1564.5 nan
0.25 4000 550 1554.49 0.00453
1 4000 600 1604.96 0.0587739
0.707107 4000 600 1578.52 0.0339145
0.5 4000 600 1564.9 0.00971593
0.25 4000 600 1554.61 nan
1 4250 150 1685.41 0.0285925
0.707107 4250 150 1667.07 0.0138768
0.5 4250 150 1657.66 0.0161299
0.25 4250 150 1650.47 0.00365538
1 4250 175 1686.01 0.0379875
0.707107 4250 175 1667.33 0.0216611
0.5 4250 175 1657.78 0.0200065
0.25 4250 175 1650.51 0.00125347
1 4250 200 1686.48 0.0330572
0.707107 4250 200 1667.58 0.0179735
0.5 4250 200 1657.92 0.00993745
0.25 4250 200 1650.55 0.00592739
1 4250 240 1687.5 nan
0.707107 4250 240 1668.07 0.00784175
0.5 4250 240 1658.14 0.00981047
0.25 4250 240 1650.6 0.00321805
1 4250 250 1687.72 0.043363
0.707107 4250 250 1668.22 0.0261094
0.5 4250 250 1658.22 0.015552
0.25 4250 250 1650.62 0.00240604
1 4250 300 1689.09 0.023431
0.707107 4250 300 1668.88 0.0376653
0.5 4250 300 1658.54 0.0139773
0.25 4250 300 1650.71 0.00317327
1 4250 400 1692.17 0.0423674
0.707107 4250 400 1670.48 nan
0.5 4250 400 1659.32 0.00943205
0.25 4250 400 1650.9 nan
1 4250 600 1698.98 0.0323408
0.707107 4250 600 1673.8 0.0212649
0.5 4250 600 1661.01 0.00635612
0.25 4250 600 1651.32 0.00507766
1 4500 175 1780.55 0.0156223
0.707107 4500 175 1763.05 0.0198866
0.5 4500 175 1754.1 0.013917
0.25 4500 175 1747.31 0.00663514
1 4500 200 1781.08 nan
0.707107 4500 200 1763.33 0.0211613
0.5 4500 200 1754.23 0.0131484
0.25 4500 200 1747.34 0.00135186
1 4500 225 1781.64 0.0289891
0.707107 4500 225 1763.56 0.0308349
0.5 4500 225 1754.37 0.0140047
0.25 4500 225 1747.36 0.0010963
1 4500 250 1782.22 0.0218281
0.707107 4500 250 1763.88 nan
0.5 4500 250 1754.52 0.00924265
0.25 4500 250 1747.42 0.00171705
1 4500 300 1783.63 0.0236428
0.707107 4500 300 1764.56 0.016625
0.5 4500 300 1754.85 0.0115723
0.25 4500 300 1747.49 0.00486611
1 4500 400 1786.64 0.0514597
0.707107 4500 400 1766.08 0.0361107
0.5 4500 400 1755.61 0.00661647
0.25 4500 400 1747.7 nan
1 4500 450 1788.4 0.0575139
0.707107 4500 450 1766.94 0.0209868
0.5 4500 450 1756.02 0.00561585
0.25 4500 450 1747.79 0.00206249
1 4500 500 1790 0.0422913
0.707107 4500 500 1767.77 nan
0.5 4500 500 1756.44 0.00988927
0.25 4500 500 1747.9 0.00659891
1 4500 550 1791.56 0.0638779
0.707107 4500 550 1768.57 nan
0.5 4500 550 1756.84 0.010983
0.25 4500 550 1747.99 0.00523318
1 4500 600 1793.06 0.0321504
0.707107 4500 600 1769.35 0.0208823
0.5 4500 600 1757.24 0.0028837
0.25 4500 600 0 nan
1 4750 200 1875.99 nan
0.707107 4750 200 1859.17 0.0144629
0.5 4750 200 1850.6 0.0105256
0.25 4750 200 1844.13 nan
1 4750 250 1877.18 0.0245464
0.707107 4750 250 1859.75 0.0199475
0.5 4750 250 1850.91 0.00977655
0.25 4750 250 1844.19 nan
1 4750 300 1878.45 nan
0.707107 4750 300 1860.36 0.0165931
0.5 4750 300 1851.21 0.00725937
0.25 4750 300 1844.28 nan
1 4750 400 1881.47 0.0114268
0.707107 4750 400 1861.91 0.0166847
0.5 4750 400 1851.97 0.0136837
0.25 4750 400 1844.47 0.00203379
1 4750 600 1887.57 0.0634904
0.707107 4750 600 1865.04 0.0208408
0.5 4750 600 1853.53 0.0122198
0.25 4750 600 1844.87 nan
1 5000 200 1971.04 0.0307626
0.707107 5000 200 1955.14 0.0333982
0.5 5000 200 1947.05 nan
0.25 5000 200 1940.95 0.00301359
1 5000 225 1971.65 0.0148401
0.707107 5000 225 1955.42 0.0210439
0.5 5000 225 1947.2 0.0123529
0.25 5000 225 1940.98 0.00182578
1 5000 250 1972.21 0.0265205
0.707107 5000 250 1955.71 0.0304538
0.5 5000 250 1947.34 0.0119118
0.25 5000 250 1941.02 0.00429907
1 5000 300 1973.48 0.0159794
0.707107 5000 300 1956.36 0.0276111
0.5 5000 300 1947.66 0.0101625
0.25 5000 300 1941.1 0.00031951
1 5000 400 1976.48 0.0387499
0.707107 5000 400 1957.8 0.0194149
0.5 5000 400 1948.4 0.00831828
0.25 5000 400 1941.28 nan
1 5000 450 1978.02 0.042118
0.707107 5000 450 1958.6 nan
0.5 5000 450 1948.78 0.0141996
0.25 5000 450 1941.38 0.00189198
1 5000 500 1979.57 0.0303816
0.707107 5000 500 1959.38 0.0510861
0.5 5000 500 1949.2 0.0172632
0.25 5000 500 1941.48 0.00220183
1 5000 550 1980.97 nan
0.707107 5000 550 1960.11 0.0244926
0.5 5000 550 1949.55 nan
0.25 5000 550 1941.57 nan
1 5000 600 1982.44 0.0168237
0.707107 5000 600 1960.79 0.00949608
0.5 5000 600 1949.88 0.0116492
0.25 5000 600 1941.66 nan
1 500 100 385.941 0.111546
0.707107 500 100 306.729 nan
0.5 500 100 257.113 0.0729123
0.25 500 100 211.525 nan
1 500 10 414.201 0.261595
0.707107 500 10 332.144 0.178046
0.5 500 10 275.949 0.101538
0.25 500 10 218.82 0.0236901
1 500 125 396.992 0.108502
0.707107 500 125 312.799 0.060471
0.5 500 125 260.372 0.0815556
0.25 500 125 212.681 0.0305174
1 500 150 407.93 0.117557
0.707107 500 150 319.287 0.0348662
0.5 500 150 264.147 0.0862934
0.25 500 150 213.615 0.009086
1 500 15 416.494 0.100143
0.707107 500 15 332.811 0.0606626
0.5 500 15 276.324 0.0536242
0.25 500 15 218.799 0.0189571
1 500 175 418.251 0.155207
0.707107 500 175 325.628 0.104668
0.5 500 175 267.736 0.0209163
0.25 500 175 214.656 0.0139805
1 500 200 427.283 0.136662
0.707107 500 200 331.367 0.0670571
0.5 500 200 271.044 0.108226
0.25 500 200 215.654 0.0368819
1 500 20 410.624 0.173265
0.707107 500 20 328.749 0.105406
0.5 500 20 273.747 0.0716779
0.25 500 20 217.929 0.0268685
1 500 225 435.327 0.094923
0.707107 500 225 336.276 0.0853887
0.5 500 225 273.956 0.0942382
0.25 500 225 216.643 0.0461179
1 500 250 442.466 0.164211
0.707107 500 250 340.846 0.0803977
0.5 500 250 276.913 0.0957641
0.25 500 250 217.425 0.041451
1 500 300 454.328 0.148746
0.707107 500 300 348.897 nan
0.5 500 300 281.39 0.00304949
0.25 500 300 218.901 0.00689872
1 500 30 400.89 0.171597
0.707107 500 30 322.286 0.0802176
0.5 500 30 268.706 0.0745964
0.25 500 30 215.901 0.0285735
1 500 350 464.848 0.107475
0.707107 500 350 355.282 0.0839654
0.5 500 350 285.657 0.0891064
0.25 500 350 220.191 0.0175599
1 500 400 473.786 0.0796257
0.707107 500 400 361.08 nan
0.5 500 400 289.303 0.116975
0.25 500 400 221.504 nan
1 500 450 482.077 0.114744
0.707107 500 450 366.82 0.121108
0.5 500 450 293.038 0.0793969
0.25 500 450 222.623 0.0290313
1 500 500 489.887 0.195693
0.707107 500 500 0 nan
0.5 500 500 296.547 0.0490894
0.25 500 500 223.854 nan
1 500 50 384.172 0.112534
0.707107 500 50 310.529 0.0515765
0.5 500 50 261.202 0.091288
0.25 500 50 213.319 0.0349327
1 500 550 498.194 0.231203
0.707107 500 550 378.161 0.110608
0.5 500 550 300.702 nan
0.25 500 550 225.342 0.0208284
1 500 600 507.35 0.0666425
0.707107 500 600 384.644 0.0865433
0.5 500 600 304.838 0.0594668
0.25 500 600 226.766 0.0048339
1 500 60 381.03 0.118249
0.707107 500 60 307.107 0.0680011
0.5 500 60 258.579 0.0564674
0.25 500 60 212.38 0.0206343
1 500 75 379.854 0.184586
0.707107 500 75 305.382 0.0397161
0.5 500 75 256.757 0.138788
0.25 500 75 212.075 0.0318391
1 5250 200 2065.37 0.199717
0.707107 5250 200 2050.63 0.0182228
0.5 5250 200 2043.49 0.0313328
0.25 5250 200 2037.78 0.00315917
1 5250 225 2066.58 0.0289323
0.707107 5250 225 2051.36 0.0262969
0.5 5250 225 2043.69 0.00344859
0.25 5250 225 2037.8 0.00281095
1 5250 250 2067.21 0.0364763
0.707107 5250 250 2051.69 0.0233481
0.5 5250 250 2043.81 0.0153645
0.25 5250 250 2037.85 0.00348562
1 5250 300 2068.46 0.0374618
0.707107 5250 300 2052.29 0.0123575
0.5 5250 300 2044.13 0.00470318
0.25 5250 300 2037.93 nan
1 5250 400 2071.3 0.0216571
0.707107 5250 400 2053.76 0.021133
0.5 5250 400 2044.83 0.00474156
0.25 5250 400 2038.11 0.00352679
1 5250 600 2077.07 0.0343474
0.707107 5250 600 2056.62 0.0318878
0.5 5250 600 2046.32 0.0121706
0.25 5250 600 2038.47 0.00342143
1 5500 250 2162.54 0.0248947
0.707107 5500 250 2147.83 0.036796
0.5 5500 250 2140.34 0.00896157
0.25 5500 250 2134.69 0.00267526
1 5500 300 2163.82 0.0270396
0.707107 5500 300 2148.46 0.00866693
0.5 5500 300 2140.65 nan
0.25 5500 300 2134.77 nan
1 5500 400 2166.59 0.0153439
0.707107 5500 400 2149.87 0.0243917
0.5 5500 400 2141.36 0.0107664
0.25 5500 400 2134.95 0.00446128
1 5500 450 2168.13 0.0294154
0.707107 5500 450 0 nan
0.5 5500 450 2141.71 nan
0.25 5500 450 2135.03 0.0049256
1 5500 550 0 nan
0.707107 5500 550 2152.03 0.0144865
0.5 5500 550 2142.43 nan
0.25 5500 550 2135.21 nan
1 5500 600 2172.29 0.0259566
0.707107 5500 600 2152.67 0.0163241
0.5 5500 600 2142.74 0.0113486
0.25 5500 600 2135.29 0.00110461
1 600 10 438.923 0.13148
0.707107 600 10 359.171 0.0765826
0.5 600 10 306.133 0.0650106
0.25 600 10 254.137 0.031202
1 600 20 435.605 0.201943
0.707107 600 20 356.034 0.0997859
0.5 600 20 304.273 0.030133
0.25 600 20 253.597 0.0669244
1 625 100 411.657 0.0906061
0.707107 625 100 339.212 0.0764315
0.5 625 100 295.297 0.0380636
0.25 625 100 256.725 0.00649924
1 625 50 411.022 0.0759782
0.707107 625 50 342.44 0.0946132
0.5 625 50 298.537 0.0559001
0.25 625 50 258.031 0.0136313
1 700 10 464.641 0.158353
0.707107 700 10 387.643 0.125688
0.5 700 10 337.741 0.0338552
0.25 700 10 290.134 0.0388251
1 750 100 441.515 0.0957572
0.707107 750 100 375.119 0.0322402
0.5 750 100 336.107 0.0287467
0.25 750 100 302.922 nan
1 750 10 478.274 0.113402
0.707107 750 10 402.615 0.100906
0.5 750 10 353.961 0.0428278
0.25 750 10 308.495 0.0215486
1 750 125 449.728 0.0738072
0.707107 750 125 379.284 0.045327
0.5 750 125 338.287 0.0358382
0.25 750 125 303.496 0.00238308
1 750 150 458.677 0.115876
0.707107 750 150 384.352 0.0481965
0.5 750 150 340.942 0.0312154
0.25 750 150 304.22 nan
1 750 15 477.132 0.310509
0.707107 750 15 402.214 0.13722
0.5 750 15 353.863 0.135426
0.25 750 15 308.786 0.0372308
1 750 200 475.34 0.087496
0.707107 750 200 394.077 0.116972
0.5 750 200 346.191 0.0366002
0.25 750 200 305.635 nan
1 750 20 475.742 0.155602
0.707107 750 20 400.716 0.0775501
0.5 750 20 352.749 0.0529373
0.25 750 20 308.144 0.0160774
1 750 250 489.019 0.104499
0.707107 750 250 402.09 nan
0.5 750 250 350.623 0.0561218
0.25 750 250 306.894 0.00784345
1 750 300 500.394 0.132715
0.707107 750 300 408.567 0.0734966
0.5 750 300 354.367 0.0649621
0.25 750 300 307.89 0.0217989
1 750 30 459.564 0.173235
0.707107 750 30 391.035 0.127075
0.5 750 30 346.903 0.0669398
0.25 750 30 306.397 0.0134002
1 750 400 519.66 0.135239
0.707107 750 400 420.305 nan
0.5 750 400 361.115 0.0451823
0.25 750 400 309.833 0.0194491
1 750 50 442.23 0.0927287
0.707107 750 50 378.389 0.0699613
0.5 750 50 338.967 0.0357335
0.25 750 50 303.964 0.00973039
1 750 600 552.05 0.178251
0.707107 750 600 441.307 0.0667721
0.5 750 600 373.811 nan
0.25 750 600 313.581 0.0269446
1 750 75 437.733 0.102911
0.707107 750 75 373.823 0.0720224
0.5 750 75 335.966 0.079931
0.25 750 75 303.077 0.0156844
1 800 10 491.936 0.12647
0.707107 800 10 417.569 0.136968
0.5 800 10 370.127 0.0728165
0.25 800 10 326.878 0.022721
1 875 100 474.979 0.0671903
0.707107 875 100 413.869 0.0337642
0.5 875 100 378.911 0.0305953
0.25 875 100 349.746 0.0111232
1 875 250 517.952 0.0830268
0.707107 875 250 437.647 0.0620434
0.5 875 250 391.52 0.00459781
0.25 875 250 353.087 nan
1 875 400 547.442 0.152962
0.707107 875 400 454.924 nan
0.5 875 400 401.028 0.0538178
0.25 875 400 355.692 0.0137302
1 875 50 476.457 0.0636507
0.707107 875 50 417.171 0.059265
0.5 875 50 381.461 0.0377583
0.25 875 50 350.658 0.010178
1 875 600 578.879 0.192805
0.707107 875 600 474.403 0.0975254
0.5 875 600 412.469 0.0507058
0.25 875 600 358.94 0.0158196
1 900 10 519.932 0.172698
0.707107 900 10 448.558 0.105312
0.5 900 10 403.675 0.0327514
0.25 900 10 363.984 0.0175507
1 900 20 519.666 0.260005
0.707107 900 20 448.444 0.0736046
0.5 900 20 404.277 0.0501074
0.25 900 20 364.037 0.032715
1 900 30 502.567 0.196324
0.707107 900 30 438.104 0.126982
0.5 900 30 398.28 0.0607881
0.25 900 30 362.427 0.027051
