# y=sqrt(m0/m) temperature[K] pressure[bar] T_cv[meV/molecule] T_cv_error[meV/molecule]
1 1000 100 515.631 0.110733
0.707107 1000 100 459.136 0.0567183
0.5 1000 100 426.112 0.073377
0.25 1000 100 397.967 0.028036
1 1000 10 549.467 0.22612
0.707107 1000 10 480.28 0.0979051
0.5 1000 10 438.297 0.0372666
0.25 1000 10 401.375 0.0121186
1 1000 125 515.732 0.0644203
0.707107 1000 125 458.096 0.038125
0.5 1000 125 425.055 0.034692
0.25 1000 125 397.614 0.013175
1 1000 150 519.301 0.0600096
0.707107 1000 150 459.31 0.025255
0.5 1000 150 425.534 0.0127064
0.25 1000 150 397.681 0.0129626
1 1000 15 548.136 0.242137
0.707107 1000 15 479.72 0.110958
0.5 1000 15 438.022 0.0612761
0.25 1000 15 401.325 0.0153162
1 1000 175 524.045 0.0936289
0.707107 1000 175 461.705 0.0158393
0.5 1000 175 426.649 0.0220974
0.25 1000 175 397.972 nan
1 1000 200 529.308 0.057617
0.707107 1000 200 464.312 0.0238418
0.5 1000 200 427.973 0.0244247
0.25 1000 200 398.279 0.00590588
1 1000 20 550.141 0.580306
0.707107 1000 20 479.367 0.25615
0.5 1000 20 438.842 0.0562758
0.25 1000 20 401.5 0.00978577
1 1000 225 534.36 0.0565992
0.707107 1000 225 467.073 0.074022
0.5 1000 225 429.388 0.0691573
0.25 1000 225 398.633 0.0209559
1 1000 250 539.75 0.0378212
0.707107 1000 250 470.004 0.0595382
0.5 1000 250 430.923 0.0196485
0.25 1000 250 399.034 0.00789659
1 1000 300 550.29 0.064959
0.707107 1000 300 475.942 0.0540202
0.5 1000 300 434.117 0.0316266
0.25 1000 300 399.889 0.00803541
1 1000 30 546.986 0.202671
0.707107 1000 30 478.955 0.137346
0.5 1000 30 437.8 0.0555713
0.25 1000 30 401.203 0.0164597
1 1000 350 560.321 0.117124
0.707107 1000 350 481.807 0.0684091
0.5 1000 350 0 nan
0.25 1000 350 400.732 0.0139996
1 1000 400 566.133 0.161622
0.707107 1000 400 485.308 0.0428019
0.5 1000 400 439.409 0.018039
0.25 1000 400 401.329 0.0308255
1 1000 450 579.45 0.11052
0.707107 1000 450 493.074 0.0729841
0.5 1000 450 443.625 0.0290821
0.25 1000 450 402.511 0.0121588
1 1000 500 588.011 0.134916
0.707107 1000 500 498.407 nan
0.5 1000 500 446.595 0.0357379
0.25 1000 500 403.346 0.010077
1 1000 50 536.822 0.152736
0.707107 1000 50 473.451 0.14623
0.5 1000 50 434.453 0.0580222
0.25 1000 50 400.407 0.0146316
1 1000 550 596.3 0.203356
0.707107 1000 550 503.529 0.0936178
0.5 1000 550 449.563 0.036357
0.25 1000 550 404.136 0.0123427
1 1000 600 603.862 0.135107
0.707107 1000 600 508.178 0.113865
0.5 1000 600 452.206 0.0491387
0.25 1000 600 404.887 0.0134943
1 1000 60 532.394 0.171783
0.707107 1000 60 470.904 0.122215
0.5 1000 60 432.959 0.0872529
0.25 1000 60 399.932 0.0222781
1 1000 700 617.542 0.173005
0.707107 1000 700 516.671 0.140301
0.5 1000 700 457.271 0.0792068
0.25 1000 700 406.294 0.0138325
1 1000 75 524.453 0.0352058
0.707107 1000 75 465.726 0.119348
0.5 1000 75 429.961 0.119877
0.25 1000 75 399.229 0.0224226
1 1000 800 617.494 0.114879
0.707107 1000 800 522.565 0.760657
0.5 1000 800 457.162 0.0408601
0.25 1000 800 406.238 0.0141035
1 1125 100 556.14 0.107632
0.707107 1125 100 502.545 0.102633
0.5 1125 100 471.719 0.0593433
0.25 1125 100 445.6 0.0182718
1 1125 20 583.596 0.160896
0.707107 1125 20 519.326 0.0826142
0.5 1125 20 481.131 0.0582264
0.25 1125 20 448.264 0.0155912
1 1125 250 574.906 0.099716
0.707107 1125 250 510.827 0.0712967
0.5 1125 250 475.379 0.0499616
0.25 1125 250 446.342 0.0245477
1 1125 30 583.866 0.157805
0.707107 1125 30 519.841 0.200589
0.5 1125 30 481.348 0.055329
0.25 1125 30 448.27 0.0196219
1 1125 400 603.323 0.0931532
0.707107 1125 400 526.558 0.0666004
0.5 1125 400 483.46 0.0420903
0.25 1125 400 448.532 0.00864814
1 1125 50 574.543 0.168677
0.707107 1125 50 514.518 0.077487
0.5 1125 50 478.259 0.0456401
0.25 1125 50 447.413 0.0201649
1 1125 600 635.075 0.0904269
0.707107 1125 600 545.432 0.0333449
0.5 1125 600 493.972 0.0412853
0.25 1125 600 451.403 0.0119434
1 1250 100 597.676 0.137144
0.707107 1250 100 546.899 0.122145
0.5 1250 100 517.6 0.0707511
0.25 1250 100 493.316 0.020062
1 1250 125 595.155 0.125738
0.707107 1250 125 544.438 0.0927246
0.5 1250 125 516.011 0.0479587
0.25 1250 125 492.917 0.0307325
1 1250 150 597.077 0.0758032
0.707107 1250 150 544.922 0.0602335
0.5 1250 150 516.071 0.029355
0.25 1250 150 492.861 0.0127783
1 1250 200 604.416 0.0897887
0.707107 1250 200 548.367 0.0533195
0.5 1250 200 517.788 0.0184834
0.25 1250 200 493.259 0.00778738
1 1250 20 622.051 0.252537
0.707107 1250 20 561.457 0.0837707
0.5 1250 20 525.655 0.073672
0.25 1250 20 495.513 0.0149631
1 1250 250 612.704 0.0670782
0.707107 1250 250 552.757 0.0453883
0.5 1250 250 519.988 0.0217305
0.25 1250 250 493.816 0.0123321
1 1250 300 621.467 0.0728147
0.707107 1250 300 557.403 0.0417156
0.5 1250 300 522.389 0.0217337
0.25 1250 300 494.435 0.00809399
1 1250 30 622.222 0.138786
0.707107 1250 30 561.502 0.0953936
0.5 1250 30 525.611 0.0605125
0.25 1250 30 495.514 0.0222316
1 1250 400 638.463 0.0803126
0.707107 1250 400 566.911 0.0414903
0.5 1250 400 527.43 0.0300994
0.25 1250 400 495.767 0.00987471
1 1250 50 613.326 0.0797904
0.707107 1250 50 556.249 0.120638
0.5 1250 50 522.849 0.0507328
0.25 1250 50 494.808 0.0172167
1 1250 600 668.073 0.101029
0.707107 1250 600 584.123 0.0596511
0.5 1250 600 536.892 nan
0.25 1250 600 498.3 0.00465102
1 1250 75 605.125 0.159266
0.707107 1250 75 551.442 0.0705284
0.5 1250 75 520.352 0.0365692
0.25 1250 75 494.091 0.0202014
1 1375 100 640.23 0.123057
0.707107 1375 100 591.672 0.0794244
0.5 1375 100 564.078 0.0526048
0.25 1375 100 541.253 0.0201228
1 1375 250 651.785 0.0748913
0.707107 1375 250 0 nan
0.5 1375 250 565.48 0.0267602
0.25 1375 250 541.502 0.00466846
1 1375 30 657.297 0.101936
0.707107 1375 30 601.645 0.0785754
0.5 1375 30 569.493 0.0214213
0.25 1375 30 542.702 0.0217188
1 1375 400 675.39 0.111736
0.707107 1375 400 608.541 0.0658786
0.5 1375 400 572.184 0.045038
0.25 1375 400 543.22 0.0104496
1 1375 50 652.619 0.0968181
0.707107 1375 50 598.987 0.0513471
0.5 1375 50 567.986 0.0409188
0.25 1375 50 542.295 0.0130094
1 1375 600 0 nan
0.707107 1375 600 624.117 0.109867
0.5 1375 600 580.659 0.0547678
0.25 1375 600 545.481 0.0106668
1 1375 75 645.551 0.0661516
0.707107 1375 75 595.027 0.045132
0.5 1375 75 565.914 0.0620297
0.25 1375 75 541.739 0.0163509
1 1500 100 682.932 0.085432
0.707107 1500 100 636.452 0.0672198
0.5 1500 100 610.311 0.043778
0.25 1500 100 589.163 0.0258395
1 1500 125 680.151 0.0982782
0.707107 1500 125 634.731 0.128411
0.5 1500 125 609.042 0.0737812
0.25 1500 125 588.797 0.0145925
1 1500 150 680.36 0.10855
0.707107 1500 150 634.208 0.0532584
0.5 1500 150 608.892 0.0316529
0.25 1500 150 588.691 0.02721
1 1500 175 682.628 0.0599963
0.707107 1500 175 634.981 0.0567315
0.5 1500 175 609.115 0.0247979
0.25 1500 175 588.73 0.0115553
1 1500 200 685.476 0.0736624
0.707107 1500 200 636.261 0.0210778
0.5 1500 200 609.821 0.0357758
0.25 1500 200 588.893 0.0112356
1 1500 20 701.441 0.151484
0.707107 1500 20 646.937 0.0828841
0.5 1500 20 615.819 0.0795524
0.25 1500 20 590.603 0.0196806
1 1500 250 692.098 0.0550957
0.707107 1500 250 639.607 0.055318
0.5 1500 250 611.477 0.0189585
0.25 1500 250 589.292 0.000428906
1 1500 300 699.29 0.0741246
0.707107 1500 300 643.285 0.0285931
0.5 1500 300 613.343 0.0257001
0.25 1500 300 589.81 0.00259629
1 1500 30 701.032 0.0852347
0.707107 1500 30 646.928 0.0545767
0.5 1500 30 615.96 0.0523762
0.25 1500 30 590.625 0.0238552
1 1500 350 706.589 0.0812975
0.707107 1500 350 647.151 0.0406966
0.5 1500 350 615.32 0.0151755
0.25 1500 350 590.293 0.00708124
1 1500 400 713.918 0.112233
0.707107 1500 400 651.068 nan
0.5 1500 400 617.375 nan
0.25 1500 400 590.791 0.00587733
1 1500 40 697.072 0.0639346
0.707107 1500 40 644.585 0.100564
0.5 1500 40 614.709 0.0311062
0.25 1500 40 590.288 0.0162178
1 1500 450 721.02 0.104675
0.707107 1500 450 654.918 0.044159
0.5 1500 450 619.441 0.0395108
0.25 1500 450 591.349 0.00936554
1 1500 500 727.661 0.152158
0.707107 1500 500 658.609 0.0456749
0.5 1500 500 621.397 0.0158035
0.25 1500 500 591.889 0.00991053
1 1500 50 693.088 0.0887429
0.707107 1500 50 642.314 0.0887905
0.5 1500 50 613.557 0.0392251
0.25 1500 50 590.005 0.0200731
1 1500 550 733.447 0.196698
0.707107 1500 550 0 nan
0.5 1500 550 623.192 0.0872927
0.25 1500 550 592.35 0.0219277
1 1500 600 738.487 0.4605
0.707107 1500 600 664.878 nan
0.5 1500 600 624.957 0.0867122
0.25 1500 600 592.843 0.0282783
1 1500 60 690.151 0.0905152
0.707107 1500 60 640.862 0.0699734
0.5 1500 60 612.734 0.0393347
0.25 1500 60 589.767 0.0173343
1 1500 700 741.766 0.385064
0.707107 1500 700 668.729 0.324265
0.5 1500 700 627.227 0.0774118
0.25 1500 700 593.599 0.0321065
1 1500 75 686.583 0.104431
0.707107 1500 75 638.777 0.0547358
0.5 1500 75 611.636 0.0361382
0.25 1500 75 589.486 0.011546
1 1500 800 748.31 0.191436
0.707107 1500 800 671.63 0.305647
0.5 1500 800 628.41 0.0341643
0.25 1500 800 593.78 0.0435955
1 1625 100 725.132 0.0699873
0.707107 1625 100 681.435 0.0463513
0.5 1625 100 656.943 0.0390385
0.25 1625 100 637.163 0.027227
1 1625 250 732.952 0.0545496
0.707107 1625 250 684.05 0.0422346
0.5 1625 250 657.924 0.0285411
0.25 1625 250 637.33 0.0227368
1 1625 30 738.403 0.0852536
0.707107 1625 30 689.053 0.0958055
0.5 1625 30 661.133 0.0462376
0.25 1625 30 638.31 0.0394895
1 1625 400 752.225 0.19972
0.707107 1625 400 694.248 0.0226859
0.5 1625 400 663.135 0.0518929
0.25 1625 400 638.678 0.0113077
1 1625 40 737.438 0.121496
0.707107 1625 40 688.564 0.0765284
0.5 1625 40 660.882 0.0563499
0.25 1625 40 638.239 0.0411572
1 1625 50 733.856 0.0917048
0.707107 1625 50 686.401 0.0575526
0.5 1625 50 659.632 0.0368519
0.25 1625 50 637.867 0.0167937
1 1625 600 771.398 0.484596
0.707107 1625 600 705.827 0.261517
0.5 1625 600 669.413 0.0130718
0.25 1625 600 640.359 0.0389105
1 1625 75 728.265 0.0866642
0.707107 1625 75 683.175 0.0446512
0.5 1625 75 657.919 0.0290339
0.25 1625 75 637.437 0.0245916
1 1750 100 768.234 0.087773
0.707107 1750 100 726.462 0.0228099
0.5 1750 100 703.492 0.0214628
0.25 1750 100 685.028 0.00724152
1 1750 125 767.247 0.0697901
0.707107 1750 125 725.733 0.0518215
0.5 1750 125 703.089 0.0277935
0.25 1750 125 684.892 0.0124605
1 1750 150 767.21 0.0789917
0.707107 1750 150 725.657 0.0296261
0.5 1750 150 702.951 0.0257543
0.25 1750 150 684.82 0.0158592
1 1750 200 770.276 0.0587129
0.707107 1750 200 726.681 0.0426281
0.5 1750 200 703.281 0.0348779
0.25 1750 200 684.914 0.00596832
1 1750 250 775.222 0.0327674
0.707107 1750 250 729.067 0.023944
0.5 1750 250 704.459 0.0228421
0.25 1750 250 685.215 0.0131882
1 1750 300 780.876 0.0868174
0.707107 1750 300 731.965 0.0446558
0.5 1750 300 705.933 0.0226406
0.25 1750 300 685.576 0.0068084
1 1750 30 780.75 0.145298
0.707107 1750 30 733.577 0.0801087
0.5 1750 30 707.17 0.0303589
0.25 1750 30 686.01 0.0144348
1 1750 400 792.071 0.144753
0.707107 1750 400 737.994 nan
0.5 1750 400 709.083 0.0630393
0.25 1750 400 686.391 nan
1 1750 40 779.675 0.0722567
0.707107 1750 40 733.009 0.0590094
0.5 1750 40 706.893 0.0590176
0.25 1750 40 685.948 0.0148481
1 1750 50 776.152 0.0704761
0.707107 1750 50 730.917 nan
0.5 1750 50 705.933 0.0312141
0.25 1750 50 685.647 0.0171688
1 1750 600 807.676 0.441408
0.707107 1750 600 746.594 0.275961
0.5 1750 600 714.15 0.096383
0.25 1750 600 687.837 0.0336432
1 1750 75 770.86 0.014016
0.707107 1750 75 728.068 0.0378559
0.5 1750 75 704.363 0.0234613
0.25 1750 75 685.254 0.00745324
1 1875 100 811.603 0.0707754
0.707107 1875 100 772.059 0.0436758
0.5 1875 100 750.339 0.0142459
0.25 1875 100 733.068 0.00709018
1 1875 250 817.529 0.072964
0.707107 1875 250 774.273 0.0316595
0.5 1875 250 751.204 0.0246287
0.25 1875 250 733.238 0.00295229
1 1875 400 832.004 0.307461
0.707107 1875 400 781.858 0.15285
0.5 1875 400 755.193 0.0240837
0.25 1875 400 734.274 0.0107756
1 1875 40 819.945 0.0733484
0.707107 1875 40 776.776 0.0693841
0.5 1875 40 752.867 0.0373757
0.25 1875 40 733.747 0.00861447
1 1875 50 818.854 0.0575095
0.707107 1875 50 776.128 0.0479837
0.5 1875 50 752.517 0.0360488
0.25 1875 50 733.626 0.0101024
1 1875 600 845.763 0.301636
0.707107 1875 600 789.801 0.305028
0.5 1875 600 759.024 0.0765735
0.25 1875 600 735.377 0.0434194
1 1875 75 813.94 0.053821
0.707107 1875 75 773.381 0.0433933
0.5 1875 75 751.023 0.0311826
0.25 1875 75 733.242 0.0044517
1 2000 100 855.381 0.054739
0.707107 2000 100 817.762 0.0406518
0.5 2000 100 797.301 0.0248564
0.25 2000 100 781.152 0.0101356
1 2000 125 854.752 0.0580367
0.707107 2000 125 817.325 0.0320549
0.5 2000 125 796.993 0.0185469
0.25 2000 125 781.059 0.00621954
1 2000 150 854.835 0.0397749
0.707107 2000 150 817.283 0.0375973
0.5 2000 150 796.996 0.0125139
0.25 2000 150 781.039 0.00377961
1 2000 175 855.708 0.0380314
0.707107 2000 175 817.573 0.0418572
0.5 2000 175 797.141 0.0187595
0.25 2000 175 781.064 0.00563494
1 2000 200 856.966 0.0459514
0.707107 2000 200 818.117 0.0535956
0.5 2000 200 797.365 0.0234079
0.25 2000 200 781.125 0.00505863
1 2000 225 858.241 0.0593642
0.707107 2000 225 818.824 0.0506507
0.5 2000 225 797.672 0.0283374
0.25 2000 225 781.205 0.00805466
1 2000 250 859.937 0.100244
0.707107 2000 250 819.517 0.0377739
0.5 2000 250 798.106 0.0362852
0.25 2000 250 781.279 0.011494
1 2000 300 863.715 0.1547
0.707107 2000 300 821.298 0.0961823
0.5 2000 300 799.072 0.0413888
0.25 2000 300 781.581 0.00531671
1 2000 30 866.119 0.0752433
0.707107 2000 30 823.695 0.096914
0.5 2000 30 800.374 0.0298634
0.25 2000 30 781.941 0.0154642
1 2000 350 867.856 0.375736
0.707107 2000 350 823.575 0.154843
0.5 2000 350 800.086 0.0570576
0.25 2000 350 781.808 0.0150116
1 2000 400 871.48 0.361545
0.707107 2000 400 825.422 0.264941
0.5 2000 400 801.1 0.0907937
0.25 2000 400 782.049 0.0200093
1 2000 40 863.311 0.0707525
0.707107 2000 40 822.186 0.0436628
0.5 2000 40 799.666 0.0469557
0.25 2000 40 781.759 0.0148135
1 2000 450 875.048 0.254797
0.707107 2000 450 827.549 0.15153
0.5 2000 450 802.291 0.100132
0.25 2000 450 782.441 0.0212066
1 2000 500 878.709 0.288886
0.707107 2000 500 829.726 0.114864
0.5 2000 500 803.162 0.135946
0.25 2000 500 782.624 0.0139829
1 2000 50 862.088 0.0875419
0.707107 2000 50 821.492 0.0406319
0.5 2000 50 799.269 0.0206146
0.25 2000 50 781.644 0.0159017
1 2000 550 882 0.12551
0.707107 2000 550 831.799 0.171118
0.5 2000 550 804.255 0.0671787
0.25 2000 550 782.882 0.0372969
1 2000 600 885.266 0.183517
0.707107 2000 600 833.344 0.10742
0.5 2000 600 804.963 0.06156
0.25 2000 600 783.086 nan
1 2000 60 859.632 0.0449767
0.707107 2000 60 820.131 0.0369786
0.5 2000 60 798.636 0.0261922
0.25 2000 60 781.468 0.01033
1 2000 700 891.412 0.181994
0.707107 2000 700 836.544 0.10606
0.5 2000 700 807.042 0.160787
0.25 2000 700 783.537 0.0214095
1 2000 75 857.496 0.0939463
0.707107 2000 75 818.956 0.0390769
0.5 2000 75 797.841 nan
0.25 2000 75 781.306 0.00924432
1 2000 800 897.356 0.149234
0.707107 2000 800 839.511 0.065745
0.5 2000 800 808.529 nan
0.25 2000 800 783.961 0.0145414
1 2125 100 899.36 0.0216995
0.707107 2125 100 863.749 0.0365389
0.5 2125 100 844.496 0.0260943
0.25 2125 100 829.287 0.00690946
1 2125 250 903.17 0.0468152
0.707107 2125 250 865.36 0.035556
0.5 2125 250 845.188 0.0402664
0.25 2125 250 829.442 0.0163038
1 2125 400 912.989 0.009564
0.707107 2125 400 870.645 0.0543211
0.5 2125 400 847.82 0.0252221
0.25 2125 400 830.095 0.0113422
1 2125 40 906.696 0.061126
0.707107 2125 40 867.724 0.0666329
0.5 2125 40 846.604 0.0146489
0.25 2125 40 829.848 0.0170012
1 2125 50 904.177 0.0544839
0.707107 2125 50 866.471 0.0404496
0.5 2125 50 845.893 0.0301096
0.25 2125 50 829.63 0.00953916
1 2125 600 926.268 0.224082
0.707107 2125 600 877.491 0.13493
0.5 2125 600 851.43 0.0413676
0.25 2125 600 831.004 0.0117007
1 2125 75 901.107 0.0449415
0.707107 2125 75 864.712 0.0324296
0.5 2125 75 844.99 0.0195317
0.25 2125 75 829.401 0.00621123
1 2250 100 944 0.0721775
0.707107 2250 100 910.111 0.0367628
0.5 2250 100 891.759 0.0262808
0.25 2250 100 877.421 0.00319385
1 2250 125 943.556 0.0543556
0.707107 2250 125 909.712 0.0276245
0.5 2250 125 891.582 0.0125509
0.25 2250 125 877.374 0.00378972
1 2250 150 943.856 0.0484576
0.707107 2250 150 909.748 0.0299596
0.5 2250 150 891.576 0.0155049
0.25 2250 150 877.354 0.00734023
1 2250 200 945.321 0.0612771
0.707107 2250 200 910.412 0.036502
0.5 2250 200 891.893 0.0144273
0.25 2250 200 877.447 0.011614
1 2250 250 947.616 0.0729098
0.707107 2250 250 911.548 0.0419335
0.5 2250 250 892.402 0.00982776
0.25 2250 250 877.562 0.00232969
1 2250 300 950.416 0.0436112
0.707107 2250 300 912.985 0.0471892
0.5 2250 300 893.085 0.0357656
0.25 2250 300 877.74 0.0157798
1 2250 400 956.835 0.0975796
0.707107 2250 400 916.013 0.035121
0.5 2250 400 894.819 0.0205193
0.25 2250 400 878.173 0.0108457
1 2250 40 950.821 0.0445228
0.707107 2250 40 913.771 0.072689
0.5 2250 40 893.761 0.0306073
0.25 2250 40 877.928 0.010375
1 2250 50 949.733 0.0791696
0.707107 2250 50 913.108 0.0683317
0.5 2250 50 893.369 0.0153254
0.25 2250 50 877.846 0.0150594
1 2250 600 969.363 0.134652
0.707107 2250 600 922.665 nan
0.5 2250 600 898.203 nan
0.25 2250 600 879.012 0.0132965
1 2250 75 945.724 0.0637971
0.707107 2250 75 910.961 0.043571
0.5 2250 75 892.294 0.0240038
0.25 2250 75 877.556 0.0107064
1 2375 100 988.933 0.0783333
0.707107 2375 100 956.464 0.0439336
0.5 2375 100 939.176 0.0167712
0.25 2375 100 925.622 0.00576646
1 2375 250 992.158 0.067407
0.707107 2375 250 957.864 0.0372817
0.5 2375 250 939.791 0.0110589
0.25 2375 250 925.758 0.00477419
1 2375 400 1000.71 0.0467272
0.707107 2375 400 962.247 0.0272209
0.5 2375 400 941.958 0.0320563
0.25 2375 400 926.291 0.00408178
1 2375 40 995.097 0.0707761
0.707107 2375 40 959.927 0.034115
0.5 2375 40 940.936 0.0415366
0.25 2375 40 926.078 0.00159571
1 2375 50 993.201 0.0609967
0.707107 2375 50 958.856 0.0536758
0.5 2375 50 940.408 0.0166245
0.25 2375 50 925.92 0.0133232
1 2375 600 1012.74 0.0607152
0.707107 2375 600 968.519 0.0214111
0.5 2375 600 945.191 0.0118845
0.25 2375 600 927.126 0.00234742
1 2375 75 990.34 0.0375209
0.707107 2375 75 957.304 0.032411
0.5 2375 75 939.595 0.0188974
0.25 2375 75 925.729 0.00576119
1 2500 100 1034.25 nan
0.707107 2500 100 1003.16 0.0287341
0.5 2500 100 986.681 0.0184269
0.25 2500 100 973.834 0.00815839
1 2500 125 1033.78 0.0442568
0.707107 2500 125 1003.07 nan
0.5 2500 125 986.549 0.0151286
0.25 2500 125 973.795 0.00379832
1 2500 150 1034 0.0544889
0.707107 2500 150 1002.95 0.0279838
0.5 2500 150 986.537 0.0105881
0.25 2500 150 973.793 0.00642175
1 2500 175 1034.49 0.0366496
0.707107 2500 175 1003.15 0.0275473
0.5 2500 175 986.617 0.0196152
0.25 2500 175 973.818 0.00721928
1 2500 200 1035.3 0.0583328
0.707107 2500 200 1003.5 0.0160376
0.5 2500 200 986.833 0.0122057
0.25 2500 200 973.844 0.00445576
1 2500 225 1036.21 nan
0.707107 2500 225 1003.95 0.047504
0.5 2500 225 987.006 0.0287263
0.25 2500 225 973.896 0.00698146
1 2500 250 1037.4 0.0443046
0.707107 2500 250 1004.46 0.0253329
0.5 2500 250 987.295 0.0116697
0.25 2500 250 973.973 0.0124623
1 2500 300 1039.77 0.0316471
0.707107 2500 300 1005.75 0.0339587
0.5 2500 300 987.872 0.0143574
0.25 2500 300 974.122 nan
1 2500 350 1042.48 0.05711
0.707107 2500 350 1007.13 0.042613
0.5 2500 350 988.613 0.0225543
0.25 2500 350 974.294 0.0056164
1 2500 400 1045.35 0.0498078
0.707107 2500 400 1008.63 0.04189
0.5 2500 400 989.364 0.0295464
0.25 2500 400 974.491 0.00619163
1 2500 450 1048.32 0.0417229
0.707107 2500 450 1010.14 0.071279
0.5 2500 450 990.226 nan
0.25 2500 450 974.7 nan
1 2500 500 1051.18 0.0462373
0.707107 2500 500 1011.62 0.0360107
0.5 2500 500 990.898 0.0371066
0.25 2500 500 974.886 0.0133503
1 2500 50 1038.17 0.0531222
0.707107 2500 50 1005.27 0.0273902
0.5 2500 50 987.772 0.00985188
0.25 2500 50 974.114 0.0071256
1 2500 550 1053.9 0.105706
0.707107 2500 550 1013.18 0.0222602
0.5 2500 550 991.604 0.0059868
0.25 2500 550 975.069 0.00702709
1 2500 600 1056.74 0.0836303
0.707107 2500 600 1014.47 0.00508598
0.5 2500 600 992.381 0.019122
0.25 2500 600 975.237 nan
1 2500 60 1036.65 0.0635339
0.707107 2500 60 1004.47 0.0334494
0.5 2500 60 987.377 0.0226126
0.25 2500 60 974.016 0.0104735
1 2500 700 1062.14 0.121479
0.707107 2500 700 1017.24 0.0543052
0.5 2500 700 993.82 0.0201206
0.25 2500 700 975.64 nan
1 2500 75 1035.5 0.0532325
0.707107 2500 75 1003.86 0.0242082
0.5 2500 75 987.08 0.0152016
0.25 2500 75 973.928 0.00519775
1 2625 100 1079.75 0.0615553
0.707107 2625 100 1049.97 0.0258452
0.5 2625 100 1034.27 0.0144674
0.25 2625 100 1022.07 0.00432417
1 2625 250 1082.7 0.0574935
0.707107 2625 250 1051.3 0.0196418
0.5 2625 250 1034.84 0.0155735
0.25 2625 250 1022.22 0.00594437
1 2625 400 1090.42 0.0603495
0.707107 2625 400 1055.21 0.0263996
0.5 2625 400 1036.85 0.0270326
0.25 2625 400 1022.7 0.00648718
1 2625 50 1083.43 0.0520494
0.707107 2625 50 1051.99 0.0208408
0.5 2625 50 1035.33 0.0196927
0.25 2625 50 1022.35 0.00694945
1 2625 600 1101.21 0.0451129
0.707107 2625 600 1060.86 0.0278146
0.5 2625 600 1039.73 0.0207911
0.25 2625 600 1023.44 0.00856131
1 2625 75 1080.57 0.0464116
0.707107 2625 75 1050.47 0.0281539
0.5 2625 75 1034.56 0.0120077
0.25 2625 75 1022.14 0.00634439
1 2750 100 1125.23 0.0378593
0.707107 2750 100 1096.88 0.0238059
0.5 2750 100 1081.94 0.0174378
0.25 2750 100 1070.33 0.00646017
1 2750 125 1125.07 0.0366122
0.707107 2750 125 1096.7 0.0205414
0.5 2750 125 1081.84 0.0173086
0.25 2750 125 1070.31 0.00499751
1 2750 150 1125.24 0.022427
0.707107 2750 150 1096.75 0.0126898
0.5 2750 150 1081.83 0.00752806
0.25 2750 150 1070.31 0.00644458
1 2750 200 1126.36 0.0336863
0.707107 2750 200 1097.33 0.0178332
0.5 2750 200 1082.08 0.0173415
0.25 2750 200 1070.38 0.0048278
1 2750 250 1128.19 0.055176
0.707107 2750 250 1098.17 0.0188343
0.5 2750 250 1082.54 0.0190349
0.25 2750 250 1070.48 0.00746951
1 2750 300 1130.25 0.0581108
0.707107 2750 300 1099.29 0.0247695
0.5 2750 300 1083.08 0.0175467
0.25 2750 300 1070.62 0.00630791
1 2750 400 1135.5 0.0628874
0.707107 2750 400 1101.93 0.0672909
0.5 2750 400 1084.38 0.022009
0.25 2750 400 1070.94 0.00759833
1 2750 50 1128.63 0.0444245
0.707107 2750 50 1098.8 0.0292486
0.5 2750 50 1082.92 0.0200733
0.25 2750 50 1070.59 0.00943056
1 2750 600 1145.92 0.0367152
0.707107 2750 600 1107.25 0.0367119
0.5 2750 600 1087.14 0.0125025
0.25 2750 600 1071.64 0.00760887
1 2750 75 1126.33 0.0694471
0.707107 2750 75 1097.46 0.0349233
0.5 2750 75 1082.22 0.0119033
0.25 2750 75 1070.41 0.00398175
1 2875 100 1171.21 0.0337663
0.707107 2875 100 1143.98 0.029284
0.5 2875 100 1129.66 0.0192616
0.25 2875 100 1118.61 0.0073945
1 2875 250 1173.98 0.0341048
0.707107 2875 250 1145.29 0.0170459
0.5 2875 250 1130.26 0.0201939
0.25 2875 250 1118.76 0.00559145
1 2875 400 1181.06 0.0486764
0.707107 2875 400 1148.76 0.0366919
0.5 2875 400 1132.06 0.0190202
0.25 2875 400 1119.21 0.00863229
1 2875 50 1174.33 0.0662397
0.707107 2875 50 1145.64 0.0297111
0.5 2875 50 1130.54 0.0206178
0.25 2875 50 1118.85 0.00814142
1 2875 600 1191.12 0.0869438
0.707107 2875 600 1154 0.0242282
0.5 2875 600 1134.66 nan
0.25 2875 600 1119.87 0.00398273
1 2875 75 1171.93 0.0438073
0.707107 2875 75 1144.41 0.0322851
0.5 2875 75 1129.88 0.0140619
0.25 2875 75 1118.67 0.00401578
1 2875 85 1171.63 0.0367398
0.707107 2875 85 1144.23 0.0370662
0.5 2875 85 1129.77 0.0140528
0.25 2875 85 1118.65 0.0017566
1 3000 100 1217.08 0.0320125
0.707107 3000 100 1191.13 0.025381
0.5 3000 100 1177.44 0.0120165
0.25 3000 100 1166.93 0.00216091
1 3000 125 1216.97 0.0340651
0.707107 3000 125 1190.99 0.0248652
0.5 3000 125 1177.37 0.00994412
0.25 3000 125 1166.9 0.00384703
1 3000 150 1217.2 0.0386547
0.707107 3000 150 1191.03 0.0203757
0.5 3000 150 1177.43 0.0145332
0.25 3000 150 1166.92 0.00327096
1 3000 175 1217.63 0.0446486
0.707107 3000 175 1191.28 0.0242669
0.5 3000 175 1177.53 0.0138318
0.25 3000 175 1166.94 0.00616752
1 3000 200 1218.27 0.0197294
0.707107 3000 200 1191.55 0.0270084
0.5 3000 200 1177.66 0.00995791
0.25 3000 200 1166.98 0.00564783
1 3000 225 1219.03 0.0426687
0.707107 3000 225 1191.9 0.0286627
0.5 3000 225 1177.82 0.0179764
0.25 3000 225 1166.99 0.00362858
1 3000 250 1219.93 0.0486841
0.707107 3000 250 1192.42 0.026113
0.5 3000 250 1178.07 0.00937683
0.25 3000 250 1167.07 0.00466408
1 3000 300 1221.97 0.0547431
0.707107 3000 300 1193.41 0.0273219
0.5 3000 300 1178.57 0.0097157
0.25 3000 300 1167.19 nan
1 3000 350 1224.25 0.0235056
0.707107 3000 350 1194.49 0.0101967
0.5 3000 350 1179.1 nan
0.25 3000 350 1167.32 0.00499591
1 3000 400 1226.81 0.0541953
0.707107 3000 400 1195.8 0.0293369
0.5 3000 400 1179.74 0.0130133
0.25 3000 400 1167.49 0.00561698
1 3000 450 1229.28 0.0639455
0.707107 3000 450 1197.03 0.0284213
0.5 3000 450 1180.4 0.0186393
0.25 3000 450 1167.66 0.00230739
1 3000 500 1231.71 0.0300327
0.707107 3000 500 1198.26 0.0253292
0.5 3000 500 1181.06 0.0132643
0.25 3000 500 1167.81 0.00368636
1 3000 50 1219.99 0.0384742
0.707107 3000 50 1192.66 0.0308949
0.5 3000 50 1178.26 0.00593863
0.25 3000 50 1167.14 0.00714506
1 3000 550 1234.05 0.0250808
0.707107 3000 550 1199.51 nan
0.5 3000 550 1181.63 0.0214356
0.25 3000 550 1167.98 0.00450687
1 3000 600 1236.38 0.0639719
0.707107 3000 600 1200.7 0.0510228
0.5 3000 600 1182.25 0.0121118
0.25 3000 600 1168.13 0.000836806
1 3000 700 1240.87 0.0503606
0.707107 3000 700 1203.04 0.0482905
0.5 3000 700 1183.44 0.0313766
0.25 3000 700 1168.41 0.00568243
1 3000 75 1217.97 0.0599888
0.707107 3000 75 1191.41 0.0257931
0.5 3000 75 1177.68 0.0109585
0.25 3000 75 1166.97 nan
1 3000 800 1245.29 0.0664608
0.707107 3000 800 1205.33 0.0350587
0.5 3000 800 1184.6 0.0331663
0.25 3000 800 1168.7 0.00368651
1 3000 85 1217.55 0.036997
0.707107 3000 85 1191.32 0.0266096
0.5 3000 85 1177.55 0.0194832
0.25 3000 85 1166.95 0.0061982
1 3125 100 1263.52 0.0314919
0.707107 3125 100 1238.41 0.0171672
0.5 3125 100 1225.27 0.0124184
0.25 3125 100 1215.22 0.00460047
1 3125 250 1266.33 0.0311
0.707107 3125 250 1239.65 0.0253404
0.5 3125 250 1225.91 0.0121208
0.25 3125 250 1215.37 0.00242834
1 3125 75 1264.16 0.0478889
0.707107 3125 75 1238.73 0.0155108
0.5 3125 75 1225.49 0.0133215
0.25 3125 75 1215.27 0.00461181
1 3125 85 1263.87 0.0384834
0.707107 3125 85 1238.6 0.0039969
0.5 3125 85 1225.36 0.0171958
0.25 3125 85 1215.26 0.00746435
1 3250 100 1309.56 0.048782
0.707107 3250 100 1285.63 0.0267502
0.5 3250 100 1273.17 0.00910898
0.25 3250 100 1263.57 0.00701735
1 3250 125 1309.61 0.0428281
0.707107 3250 125 1285.65 0.0344353
0.5 3250 125 1273.18 0.018171
0.25 3250 125 1263.58 0.00935986
1 3250 150 1309.89 0.0241366
0.707107 3250 150 1285.77 0.033644
0.5 3250 150 1273.19 0.00771452
0.25 3250 150 1263.57 0.00890686
1 3250 200 1310.84 0.0510823
0.707107 3250 200 1286.26 0.0174506
0.5 3250 200 1273.43 0.0133227
0.25 3250 200 1263.63 0.0167766
1 3250 250 1312.43 0.0411223
0.707107 3250 250 1287.02 0.0229342
0.5 3250 250 1273.81 0.00912873
0.25 3250 250 1263.73 0.00610296
1 3250 300 1314.24 0.0230168
0.707107 3250 300 1287.97 0.0253999
0.5 3250 300 1274.28 0.0131102
0.25 3250 300 1263.85 0.0145669
1 3250 400 1318.73 0.0515634
0.707107 3250 400 1290.23 0.0146466
0.5 3250 400 1275.45 0.0102715
0.25 3250 400 1264.14 nan
1 3250 600 1327.64 0.0561807
0.707107 3250 600 1294.81 0.0317989
0.5 3250 600 1277.77 0.0269803
0.25 3250 600 1264.76 0.00848136
1 3250 75 1310.18 0.0536783
0.707107 3250 75 1285.98 0.0172942
0.5 3250 75 1273.32 0.00726473
0.25 3250 75 1263.59 0.00390996
1 3250 85 1309.97 0.02966
0.707107 3250 85 1285.91 0.0251126
0.5 3250 85 1273.27 0.0210137
0.25 3250 85 1263.6 0.0144738
1 3375 100 1356.25 0.0298605
0.707107 3375 100 1333.18 0.0209436
0.5 3375 100 1321.12 0.018756
0.25 3375 100 1311.87 0.00358135
1 3375 85 1356.44 0.0354408
0.707107 3375 85 1333.19 0.0376918
0.5 3375 85 1321.12 0.0108677
0.25 3375 85 1311.89 0.00464116
1 3500 100 1402.93 0.0256
0.707107 3500 100 1380.64 0.0189299
0.5 3500 100 1369.07 0.00850884
0.25 3500 100 1360.22 0.00408819
1 3500 125 1402.92 0.0268346
0.707107 3500 125 1380.63 0.0133819
0.5 3500 125 1369.08 0.0160158
0.25 3500 125 1360.23 0.00425703
1 3500 150 1403.29 0.0369898
0.707107 3500 150 1380.73 0.00553454
0.5 3500 150 1369.13 0.0117171
0.25 3500 150 1360.24 0.00346223
1 3500 175 1403.71 0.0313337
0.707107 3500 175 1380.93 0.0146925
0.5 3500 175 1369.22 0.00982502
0.25 3500 175 1360.26 0.00526146
1 3500 200 1404.22 0.017927
0.707107 3500 200 1381.18 0.0256826
0.5 3500 200 1369.37 0.0128213
0.25 3500 200 1360.28 0.00416892
1 3500 225 1404.91 0.0222166
0.707107 3500 225 1381.59 nan
0.5 3500 225 1369.52 0.0130012
0.25 3500 225 1360.32 nan
1 3500 250 1405.68 0.0351077
0.707107 3500 250 1381.91 0.0230368
0.5 3500 250 1369.71 0.00907076
0.25 3500 250 1360.37 0.00258415
1 3500 300 1407.5 0.0361473
0.707107 3500 300 1382.8 0.0170655
0.5 3500 300 1370.15 0.00740313
0.25 3500 300 1360.49 0.00412937
1 3500 350 1409.56 0.0327169
0.707107 3500 350 1383.84 0.0321966
0.5 3500 350 1370.64 0.0148327
0.25 3500 350 1360.62 0.00625564
1 3500 400 1411.66 0.0542333
0.707107 3500 400 1384.94 0.0167311
0.5 3500 400 1371.23 0.0151261
0.25 3500 400 1360.74 0.00480071
1 3500 450 1413.88 0.0516035
0.707107 3500 450 1386.03 0.0169579
0.5 3500 450 1371.78 0.0116171
0.25 3500 450 1360.89 0.00197514
1 3500 500 1416 0.0440821
0.707107 3500 500 1387.13 0.0317981
0.5 3500 500 1372.3 0.0167344
0.25 3500 500 1361.04 nan
1 3500 550 1418.05 0.0932019
0.707107 3500 550 1388.22 0.0254147
0.5 3500 550 1372.88 0.0183743
0.25 3500 550 1361.17 0.00658259
1 3500 600 1420.04 0.0291177
0.707107 3500 600 1389.13 nan
0.5 3500 600 1373.37 0.0125574
0.25 3500 600 1361.3 0.00903245
1 3500 75 1403.2 nan
0.707107 3500 75 1380.83 0.0251661
0.5 3500 75 1369.18 0.01899
0.25 3500 75 1360.25 0.00362849
1 3500 800 1427.91 0.0385564
0.707107 3500 800 1393.22 0.0530597
0.5 3500 800 1375.35 0.0275962
0.25 3500 800 1361.79 0.00771832
1 3625 100 1449.43 0.0381899
0.707107 3625 100 1428.14 0.0226589
0.5 3625 100 1417.03 0.0139884
0.25 3625 100 1408.56 0.000648328
1 3750 100 1496.59 0.0164017
0.707107 3750 100 1475.83 0.0186517
0.5 3750 100 1465.13 0.00943822
0.25 3750 100 1456.94 0.0027737
1 3750 125 1496.62 0.0284712
0.707107 3750 125 1475.83 0.0145545
0.5 3750 125 1465.13 0.014577
0.25 3750 125 1456.94 0.00320218
1 3750 150 1497.08 0.0469668
0.707107 3750 150 1475.99 0.00909192
0.5 3750 150 1465.2 0.0137603
0.25 3750 150 1456.95 0.00614733
1 3750 200 1497.97 0.0195393
0.707107 3750 200 1476.44 0.0220238
0.5 3750 200 1465.42 0.0107752
0.25 3750 200 1457.01 0.00511214
1 3750 250 1499.42 0.0291607
0.707107 3750 250 1477.14 0.0264454
0.5 3750 250 1465.78 0.0122179
0.25 3750 250 1457.08 0.00466295
1 3750 300 1501.05 0.0338015
0.707107 3750 300 1477.99 0.0183113
0.5 3750 300 1466.18 0.0158957
0.25 3750 300 1457.19 0.00529213
1 3750 400 1504.97 0.0408263
0.707107 3750 400 1479.99 nan
0.5 3750 400 1467.18 0.0239519
0.25 3750 400 1457.45 nan
1 3750 600 1512.94 0.0540276
0.707107 3750 600 1484.12 nan
0.5 3750 600 1469.19 0.0107689
0.25 3750 600 1457.95 0.000996308
1 4000 100 1590.09 0.0270846
0.707107 4000 100 1570.93 0.0196429
0.5 4000 100 1561.16 0.0128616
0.25 4000 100 1553.66 0.00366533
1 4000 125 1590.53 0.0331261
0.707107 4000 125 1571.23 0.0134162
0.5 4000 125 1561.27 0.0147626
0.25 4000 125 1553.68 0.00298295
1 4000 150 1590.9 0.0272849
0.707107 4000 150 1571.38 0.0155192
0.5 4000 150 1561.35 0.00991862
0.25 4000 150 1553.7 0.00298934
1 4000 175 1591.32 0.0393857
0.707107 4000 175 1571.6 0.0159392
0.5 4000 175 1561.45 0.00914896
0.25 4000 175 1553.72 0.00561221
1 4000 200 1591.89 0.0395423
0.707107 4000 200 1571.8 0.0301393
0.5 4000 200 1561.59 0.0111794
0.25 4000 200 1553.75 0.00640892
1 4000 225 1592.52 0.0391453
0.707107 4000 225 1572.23 nan
0.5 4000 225 1561.72 0.0153352
0.25 4000 225 1553.79 0.00449518
1 4000 250 1593.26 0.0456316
0.707107 4000 250 1572.51 0.0168997
0.5 4000 250 1561.92 0.0150386
0.25 4000 250 1553.83 0.00845604
1 4000 300 1594.8 0.0420652
0.707107 4000 300 1573.26 0.0115583
0.5 4000 300 1562.3 0.012401
0.25 4000 300 1553.93 0.00444769
1 4000 350 1596.66 0.0113834
0.707107 4000 350 1574.24 0.00976587
0.5 4000 350 1562.76 0.00596047
0.25 4000 350 1554.04 0.00526229
1 4000 400 1598.59 0.0773269
0.707107 4000 400 1575.21 0.0260714
0.5 4000 400 1563.27 nan
0.25 4000 400 1554.18 0.00470059
1 4000 450 1600.5 0.0532481
0.707107 4000 450 1576.21 0.0171756
0.5 4000 450 1563.74 0.0111629
0.25 4000 450 1554.3 0.00327705
1 4000 500 1602.51 0.0419085
0.707107 4000 500 1577.17 0.012164
0.5 4000 500 1564.22 0.0203848
0.25 4000 500 1554.41 0.00757794
1 4000 550 1604.26 0.0519138
0.707107 4000 550 1578.07 0.031576
0.5 4000 550 1564.74 0.015716
0.25 4000 550 1554.54 0.00327671
1 4000 600 1606.12 0.0481351
0.707107 4000 600 1579.01 0.0115223
0.5 4000 600 1565.19 0.0195814
0.25 4000 600 1554.65 0.00527101
1 4000 700 1609.53 0.0839527
0.707107 4000 700 1580.73 0.0570575
0.5 4000 700 1566.02 0.0299364
0.25 4000 700 1554.86 0.00482148
1 4000 800 1612.94 0.0476615
0.707107 4000 800 1582.43 nan
0.5 4000 800 1566.9 nan
0.25 4000 800 1555.09 0.00377153
1 4250 150 1685.31 0.0485351
0.707107 4250 150 1666.99 0.00576057
0.5 4250 150 1657.6 0.0086544
0.25 4250 150 1650.47 0.00200674
1 4250 175 1685.71 0.0290197
0.707107 4250 175 1667.19 0.0097204
0.5 4250 175 1657.73 0.0096123
0.25 4250 175 1650.5 0.00310923
1 4250 200 1686.24 0.0252727
0.707107 4250 200 1667.49 0.0240525
0.5 4250 200 1657.84 0.0113748
0.25 4250 200 1650.52 0.00558367
1 4250 240 1687.37 0.0445976
0.707107 4250 240 1668 0.0144445
0.5 4250 240 1658.09 0.0117717
0.25 4250 240 1650.59 0.00248792
1 4250 250 1687.55 0.037269
0.707107 4250 250 1668.13 0.0178423
0.5 4250 250 1658.17 0.00709643
0.25 4250 250 1650.6 0.00342301
1 4250 300 1689.09 0.0208258
0.707107 4250 300 1668.85 0.0176221
0.5 4250 300 1658.55 0.0227584
0.25 4250 300 1650.69 0.00315554
1 4250 400 1692.71 0.0303265
0.707107 4250 400 1670.65 0.0317365
0.5 4250 400 1659.44 0.0159315
0.25 4250 400 1650.92 nan
1 4250 600 1699.95 0.0449563
0.707107 4250 600 1674.31 0.0298381
0.5 4250 600 1661.26 0.00683625
0.25 4250 600 1651.38 0.00434425
1 4500 175 1780.38 0.0235007
0.707107 4500 175 1762.94 0.0185775
0.5 4500 175 1754.07 0.00950398
0.25 4500 175 1747.3 0.00152257
1 4500 200 1780.91 0.0226731
0.707107 4500 200 1763.22 0.0147458
0.5 4500 200 1754.19 0.00898172
0.25 4500 200 1747.33 0.00319088
1 4500 225 1781.55 0.0191916
0.707107 4500 225 1763.52 0.00183027
0.5 4500 225 1754.3 0.00957289
0.25 4500 225 1747.36 0.00204208
1 4500 250 1782.16 0.0222276
0.707107 4500 250 1763.85 0.0184618
0.5 4500 250 1754.51 0.0108071
0.25 4500 250 1747.41 0.00365074
1 4500 300 1783.65 0.0249361
0.707107 4500 300 1764.59 0.0155154
0.5 4500 300 1754.87 0.00646275
0.25 4500 300 1747.51 0.00460929
1 4500 400 1787.12 0.0255108
0.707107 4500 400 1766.3 0.0303571
0.5 4500 400 1755.75 0.00948315
0.25 4500 400 1747.73 0.00497577
1 4500 450 1788.95 0.0288206
0.707107 4500 450 1767.19 0.00780561
0.5 4500 450 1756.2 0.0151037
0.25 4500 450 1747.83 0.00637268
1 4500 500 1790.65 0.0220426
0.707107 4500 500 1768.11 0.0044736
0.5 4500 500 1756.62 0.0155984
0.25 4500 500 1747.94 0.00305336
1 4500 550 1792.4 nan
0.707107 4500 550 1768.97 0.0319549
0.5 4500 550 1757.03 nan
0.25 4500 550 1748.05 0.00621229
1 4500 600 1793.98 0.0281352
0.707107 4500 600 1769.73 0.0128495
0.5 4500 600 1757.48 0.0162498
0.25 4500 600 1748.16 0.000842518
1 4500 800 1800.02 0.0395829
0.707107 4500 800 1772.84 nan
0.5 4500 800 1758.98 0.00760304
0.25 4500 800 1748.54 0.00500142
1 4750 200 1875.89 0.0178979
0.707107 4750 200 1859.1 0.0161188
0.5 4750 200 1850.58 0.00326737
0.25 4750 200 1844.12 0.003419
1 4750 250 1877.12 0.027219
0.707107 4750 250 1859.74 0.0205856
0.5 4750 250 1850.91 0.00839788
0.25 4750 250 1844.2 0.00369532
1 4750 300 1878.57 0.011797
0.707107 4750 300 1860.42 0.0204621
0.5 4750 300 1851.24 0.0137181
0.25 4750 300 1844.28 nan
1 4750 400 1881.91 0.0362192
0.707107 4750 400 1862.14 nan
0.5 4750 400 1852.1 0.00736272
0.25 4750 400 1844.5 0.0059233
1 4750 600 1888.56 0.00719495
0.707107 4750 600 1865.44 0.0151203
0.5 4750 600 1853.77 nan
0.25 4750 600 1844.91 nan
1 5000 100 1968.59 nan
1 5000 200 1971.02 0.0315316
0.707107 5000 200 1955.11 0.0100262
0.5 5000 200 1947.03 0.00648843
0.25 5000 200 1940.95 0.00418851
1 5000 225 0 nan
0.707107 5000 225 1955.39 0.0135457
0.5 5000 225 1947.19 0.0126141
0.25 5000 225 1940.98 0.00411814
1 5000 250 1972.23 0.0217811
0.707107 5000 250 1955.7 0.00963519
0.5 5000 250 1947.34 0.00599122
0.25 5000 250 1941.02 0.00456399
1 5000 300 1973.62 0.0416373
0.707107 5000 300 1956.4 0.0218941
0.5 5000 300 1947.69 0.0107945
0.25 5000 300 1941.11 0.00273606
1 5000 400 1976.83 0.0238488
0.707107 5000 400 1958.05 0.0496943
0.5 5000 400 1948.48 0.0126537
0.25 5000 400 1941.3 0.00262404
1 5000 450 1978.54 0.0244206
0.707107 5000 450 1958.84 0.00949393
0.5 5000 450 1948.9 0.00821332
0.25 5000 450 1941.41 0.00190284
1 5000 500 1980.19 0.012218
0.707107 5000 500 0 nan
0.5 5000 500 1949.31 0.0173991
0.25 5000 500 1941.51 0.00121508
1 5000 550 1981.81 nan
0.707107 5000 550 1960.47 0.0248657
0.5 5000 550 1949.72 nan
0.25 5000 550 1941.61 0.00307143
1 5000 600 1983.28 0.0366768
0.707107 5000 600 1961.19 0.0204895
0.5 5000 600 1950.08 0.0148588
0.25 5000 600 1941.71 nan
1 5000 700 1986.07 0.0278458
0.707107 5000 700 1962.65 0.0742493
0.5 5000 700 1950.82 nan
0.25 5000 700 1941.88 0.00328093
1 5000 800 1988.9 0.0372849
0.707107 5000 800 1964.05 0.0301035
0.5 5000 800 1951.49 nan
0.25 5000 800 1942.06 nan
1 500 100 379.878 0.111124
0.707107 500 100 305.11 0.0826113
0.5 500 100 257.534 0.0766101
0.25 500 100 212.354 0.0252243
1 500 10 413.858 0.148814
0.707107 500 10 331.873 0.10049
0.5 500 10 276.041 0.0741049
0.25 500 10 218.687 0.0240681
1 500 125 385.75 0.159727
0.707107 500 125 306.189 0.132963
0.5 500 125 256.858 0.0544403
0.25 500 125 211.727 0.0208267
1 500 150 393.883 0.188589
0.707107 500 150 310.129 0.162106
0.5 500 150 258.53 0.0624599
0.25 500 150 211.98 0.0233081
1 500 15 412.714 0.191509
0.707107 500 15 330.766 0.140976
0.5 500 15 275.852 0.0604625
0.25 500 15 218.897 0.0223269
1 500 175 402.306 0.127337
0.707107 500 175 314.632 0.113922
0.5 500 175 260.928 0.0557593
0.25 500 175 212.568 0.0121902
1 500 200 410.889 0.167
0.707107 500 200 319.968 0.108004
0.5 500 200 263.793 0.0707299
0.25 500 200 213.366 0.040141
1 500 20 410.035 0.154523
0.707107 500 20 329.968 0.163277
0.5 500 20 275.129 0.15501
0.25 500 20 218.541 0.0304834
1 500 225 419.19 0.205181
0.707107 500 225 325.153 0.0318357
0.5 500 225 266.992 0.0802633
0.25 500 225 214.302 0.031139
1 500 250 427.342 0.211538
0.707107 500 250 330.764 0.165843
0.5 500 250 270.287 0.0641917
0.25 500 250 215.342 0.0129484
1 500 300 442.649 0.241804
0.707107 500 300 340.904 0.149778
0.5 500 300 276.857 0.0545524
0.25 500 300 217.452 0.0270186
1 500 30 413.051 0.126683
0.707107 500 30 331.258 0.0886695
0.5 500 30 275.176 0.0809458
0.25 500 30 218.4 0.0318017
1 500 350 450.034 0.189581
0.707107 500 350 346.639 0.157934
0.5 500 350 280.583 0.0922416
0.25 500 350 218.759 0.031236
1 500 400 468.043 0.0577367
0.707107 500 400 358.357 0.118283
0.5 500 400 288.312 0.134749
0.25 500 400 221.252 0.026175
1 500 450 478.82 0.26104
0.707107 500 450 365.654 0.209628
0.5 500 450 293.012 0.17899
0.25 500 450 0 nan
1 500 500 488.393 0.145826
0.707107 500 500 372.772 0.0837067
0.5 500 500 297.33 0.116831
0.25 500 500 224.304 0.0433826
1 500 50 405.272 0.192724
0.707107 500 50 325.144 nan
0.5 500 50 270.594 0.0635009
0.25 500 50 216.757 0.0174899
1 500 550 497.074 0.400396
0.707107 500 550 378.701 0.158428
0.5 500 550 301.151 0.0786535
0.25 500 550 225.682 0.0364443
1 500 600 497.739 0.202451
0.707107 500 600 377.825 nan
0.5 500 600 300.829 0.084093
0.25 500 600 225.613 nan
1 500 60 401.438 0.259621
0.707107 500 60 322.441 0.117267
0.5 500 60 269.089 0.0706196
0.25 500 60 216.164 0.0395661
1 500 700 518.936 0.0885445
0.707107 500 700 390.435 0.167954
0.5 500 700 311.171 0.110392
0.25 500 700 228.836 0.03599
1 500 75 392.156 0.672666
0.707107 500 75 317.542 0.169905
0.5 500 75 265.073 0.197996
0.25 500 75 215.148 0.0341329
1 500 800 531.686 0.236318
0.707107 500 800 399.529 0.429338
0.5 500 800 316.166 0.153042
0.25 500 800 230.406 0.0449452
1 5250 200 2066.04 0.0267843
0.707107 5250 200 2051.07 0.010317
0.5 5250 200 2043.52 0.0126949
0.25 5250 200 2037.78 0.00331693
1 5250 225 2066.64 0.0378098
0.707107 5250 225 2051.38 0.0275501
0.5 5250 225 2043.67 0.0039923
0.25 5250 225 2037.8 0.0017357
1 5250 250 2067.24 0.0222411
0.707107 5250 250 2051.72 0.0119606
0.5 5250 250 2043.82 0.00544853
0.25 5250 250 2037.85 0.00263907
1 5250 300 2068.58 0.0341958
0.707107 5250 300 2052.37 0.0136918
0.5 5250 300 2044.16 0.0101815
0.25 5250 300 2037.93 0.0038819
1 5250 400 2071.68 0.0217633
0.707107 5250 400 2053.93 0.0214852
0.5 5250 400 2044.93 0.00590638
0.25 5250 400 2038.13 0.00239076
1 5250 600 2077.59 nan
0.707107 5250 600 2056.97 nan
0.5 5250 600 2046.46 nan
0.25 5250 600 2038.52 0.00745466
1 5500 250 2162.63 0.0170748
0.707107 5500 250 2147.84 0.0208963
0.5 5500 250 2140.37 0.0107058
0.25 5500 250 2134.69 0.00427039
1 5500 300 2164.03 0.0843843
0.707107 5500 300 2148.5 0.00366961
0.5 5500 300 2140.68 0.0064365
0.25 5500 300 2134.77 0.00334904
1 5500 400 2167 0.0413329
0.707107 5500 400 2150.03 nan
0.5 5500 400 2141.44 0.00185644
0.25 5500 400 2134.96 0.00591597
1 5500 450 2168.53 0.032215
0.707107 5500 450 2150.81 0.0165673
0.5 5500 450 2141.82 nan
0.25 5500 450 2135.06 nan
1 5500 550 2171.48 0.0313282
0.707107 5500 550 2152.31 0.0290875
0.5 5500 550 0 nan
0.25 5500 550 2135.25 0.00209632
1 5500 600 2172.9 0.0259776
0.707107 5500 600 2152.97 nan
0.5 5500 600 2142.91 nan
0.25 5500 600 2135.33 0.00291435
1 5500 700 2175.5 0.040874
0.707107 5500 700 2154.29 0.0209052
0.5 5500 700 2143.56 nan
0.25 5500 700 2135.5 0.00285885
1 5500 800 2177.95 0.00661709
0.707107 5500 800 2155.52 0.0165035
0.5 5500 800 2144.22 0.0190904
0.25 5500 800 2135.66 0.000675085
1 600 10 438.583 0.21641
0.707107 600 10 359.275 0.123516
0.5 600 10 306.342 0.0863408
0.25 600 10 254.186 0.0180142
1 600 20 435.616 0.234249
0.707107 600 20 359.827 0.208179
0.5 600 20 306.769 0.188296
0.25 600 20 254.388 0.0350666
1 625 100 409.097 0.12932
0.707107 625 100 339.661 0.0897247
0.5 625 100 296.817 0.0487603
0.25 625 100 257.569 0.0177352
1 625 50 434.081 0.159406
0.707107 625 50 358.089 0.102242
0.5 625 50 308.62 0.0955867
0.25 625 50 261.258 0.0190237
1 700 10 465.008 0.125688
0.707107 700 10 388.166 0.174142
0.5 700 10 337.762 0.111287
0.25 700 10 290.297 0.0255551
1 750 100 441.849 0.113048
0.707107 750 100 377.475 0.0636036
0.5 750 100 338.479 0.0781614
0.25 750 100 303.865 0.0165478
1 750 10 478.651 0.159142
0.707107 750 10 402.699 0.119792
0.5 750 10 354.027 0.06863
0.25 750 10 308.542 0.0263051
1 750 125 444.355 0.0880898
0.707107 750 125 377.171 0.0387968
0.5 750 125 337.629 0.0429146
0.25 750 125 303.437 0.0171026
1 750 150 449.92 0.0784172
0.707107 750 150 379.577 0.0357582
0.5 750 150 338.521 0.0301681
0.25 750 150 303.652 0.013843
1 750 15 477.065 0.204046
0.707107 750 15 402.323 0.148245
0.5 750 15 353.85 0.0437706
0.25 750 15 308.385 0.0240721
1 750 200 463.066 0.0865338
0.707107 750 200 386.539 0.0645698
0.5 750 200 342.055 0.0422388
0.25 750 200 304.508 0.0125724
1 750 20 475.151 0.260703
0.707107 750 20 403.955 0.0690057
0.5 750 20 354.711 0.122648
0.25 750 20 308.82 0.0256744
1 750 250 476.153 0.0491541
0.707107 750 250 394.139 0.0957015
0.5 750 250 346.236 0.0579783
0.25 750 250 305.622 0.0134157
1 750 300 488.815 0.0641954
0.707107 750 300 401.816 0.0366791
0.5 750 300 350.661 0.0452697
0.25 750 300 306.862 0.014991
1 750 30 476.231 0.256415
0.707107 750 30 401.955 0.291369
0.5 750 30 353.429 0.0655283
0.25 750 30 308.453 0.0384952
1 750 400 512.033 0.169452
0.707107 750 400 416.307 0.107876
0.5 750 400 359.156 0.0291362
0.25 750 400 309.346 0.0267549
1 750 50 465.436 0.167893
0.707107 750 50 394.836 0.122852
0.5 750 50 349.195 0.0857582
0.25 750 50 307.143 0.0351335
1 750 600 548.506 0.164327
0.707107 750 600 440.025 0.0890523
0.5 750 600 373.22 0.00773184
0.25 750 600 313.571 nan
1 750 75 451.209 0.138155
0.707107 750 75 385.343 0.102158
0.5 750 75 343.72 0.0656386
0.25 750 75 305.503 0.0220719
1 800 10 492.444 0.137369
0.707107 800 10 418.087 0.0918148
0.5 800 10 370.408 0.063252
0.25 800 10 326.984 0.0176922
1 875 100 477.291 0.0791041
0.707107 875 100 417.494 0.0470849
0.5 875 100 381.684 0.0419314
0.25 875 100 350.7 0.0189431
1 875 250 506.443 0.0816006
0.707107 875 250 430.956 0.082561
0.5 875 250 387.82 0.0476759
0.25 875 250 352.098 0.0102243
1 875 400 539.553 0.108143
0.707107 875 400 450.692 0.0500016
0.5 875 400 398.831 nan
0.25 875 400 355.151 0.00577458
1 875 50 500.109 0.1826
0.707107 875 50 433.884 0.118845
0.5 875 50 391.218 0.0889664
0.25 875 50 353.61 0.032932
1 875 600 575.124 0.158242
0.707107 875 600 472.91 0.14466
0.5 875 600 411.74 0.0436314
0.25 875 600 358.824 nan
1 900 10 520.539 0.199703
0.707107 900 10 448.554 0.10893
0.5 900 10 404.003 0.0383174
0.25 900 10 364.029 0.0113874
1 900 20 517.747 0.533302
0.707107 900 20 449.77 0.135287
0.5 900 20 404.716 0.104433
0.25 900 20 364.272 0.0256401
1 900 30 517.88 0.167613
0.707107 900 30 447.594 0.107887
0.5 900 30 403.22 0.0545045
0.25 900 30 363.903 0.017035
