# y=sqrt(m0/m) temperature[K] pressure[bar] T_cv[meV/molecule] T_cv_error[meV/molecule]
1 1000 10 549.158 0.160348
0.707107 1000 10 480.353 0.116079
0.5 1000 10 438.07 0.103833
0.25 1000 10 401.302 0.0246343
1 1000 15 548.126 0.225333
0.707107 1000 15 479.433 0.126947
0.5 1000 15 437.844 0.0844987
0.25 1000 15 401.278 0.028072
1 1000 20 545.92 0.199822
0.707107 1000 20 478.607 0.105546
0.5 1000 20 437.438 0.111453
0.25 1000 20 401.094 0.0292648
1 1000 25 543.119 0.151929
0.707107 1000 25 477.134 0.1434
0.5 1000 25 436.421 0.0808658
0.25 1000 25 400.917 0.0284375
1 1000 30 540.129 0.229737
0.707107 1000 30 475.43 0.107602
0.5 1000 30 435.63 0.088194
0.25 1000 30 400.631 0.0356224
1 1000 40 534.645 0.133109
0.707107 1000 40 471.859 0.195221
0.5 1000 40 433.838 0.074983
0.25 1000 40 400.142 0.0203149
1 1100 10 579.103 0.236738
0.707107 1100 10 512.914 0.096247
0.5 1100 10 473.181 0.0486164
0.25 1100 10 438.866 0.0198317
1 1100 15 577.808 0.185078
0.707107 1100 15 512.231 0.119155
0.5 1100 15 472.699 0.0737128
0.25 1100 15 438.866 0.0261759
1 1100 30 570.643 0.226094
0.707107 1100 30 508.326 0.0952019
0.5 1100 30 470.804 0.0589123
0.25 1100 30 438.394 0.0442431
1 1125 20 583.281 0.0949677
0.707107 1125 20 519.339 0.137138
0.5 1125 20 481.113 0.0810793
0.25 1125 20 448.159 0.0356132
1 1125 25 581.101 0.199391
0.707107 1125 25 518.164 0.108529
0.5 1125 25 480.489 0.093366
0.25 1125 25 448.018 0.0200932
1 1125 40 573.019 0.165924
0.707107 1125 40 513.598 0.143665
0.5 1125 40 478.1 0.0476953
0.25 1125 40 447.369 0.025914
1 1250 10 625.127 0.200679
0.707107 1250 10 562.759 0.0862012
0.5 1250 10 526.232 0.0663247
0.25 1250 10 495.665 0.016267
1 1250 15 623.539 0.137183
0.707107 1250 15 562.115 0.134813
0.5 1250 15 525.953 0.0776188
0.25 1250 15 495.552 0.0149537
1 1250 20 621.32 0.194006
0.707107 1250 20 561.233 0.113077
0.5 1250 20 525.416 0.0657791
0.25 1250 20 495.366 0.0236501
1 1250 25 619.462 0.128949
0.707107 1250 25 560.068 0.0754031
0.5 1250 25 524.835 0.0650188
0.25 1250 25 495.306 0.0269222
1 1250 30 616.82 0.117721
0.707107 1250 30 558.87 0.113325
0.5 1250 30 524.182 0.0459869
0.25 1250 30 495.125 0.0255354
1 1250 40 612.203 0.159748
0.707107 1250 40 555.968 0.0727066
0.5 1250 40 522.603 0.0426868
0.25 1250 40 494.802 0.0276528
1 1250 50 607.4 0.100591
0.707107 1250 50 553.053 0.0873822
0.5 1250 50 521.302 0.0447861
0.25 1250 50 494.395 0.0239127
1 1250 60 603.861 0.133314
0.707107 1250 60 550.824 0.0748838
0.5 1250 60 520.069 0.0376434
0.25 1250 60 493.998 0.030911
1 1375 10 664.094 0.132917
0.707107 1375 10 605.008 0.0899479
0.5 1375 10 571.278 0.0497986
0.25 1375 10 543.12 0.0183374
1 1375 15 662.848 0.15079
0.707107 1375 15 604.593 0.0863547
0.5 1375 15 570.844 0.0610205
0.25 1375 15 543.124 0.0176476
1 1375 20 661.106 0.143967
0.707107 1375 20 603.586 0.0671704
0.5 1375 20 570.423 0.0765089
0.25 1375 20 542.979 0.0190709
1 1375 25 658.931 0.12316
0.707107 1375 25 602.601 0.0940501
0.5 1375 25 569.893 0.0621252
0.25 1375 25 542.856 0.0260914
1 1375 30 656.935 0.15627
0.707107 1375 30 601.52 0.111886
0.5 1375 30 569.377 0.0594304
0.25 1375 30 542.707 0.0270244
1 1375 40 652.302 0.12303
0.707107 1375 40 598.97 0.0639256
0.5 1375 40 568.144 0.0461848
0.25 1375 40 542.319 0.0153626
1 1375 50 648.314 0.103832
0.707107 1375 50 596.421 0.0525391
0.5 1375 50 566.737 0.0497572
0.25 1375 50 541.985 0.0215597
1 1375 60 644.519 0.133539
0.707107 1375 60 594.579 0.0898904
0.5 1375 60 565.682 0.0398688
0.25 1375 60 541.697 0.0228864
1 1500 10 704.304 0.101396
0.707107 1500 10 648.11 0.101833
0.5 1500 10 616.553 0.0715973
0.25 1500 10 590.726 0.0151815
1 1500 15 703.078 0.178088
0.707107 1500 15 647.706 0.079941
0.5 1500 15 616.245 0.0530291
0.25 1500 15 590.67 0.0211328
1 1500 20 701.251 0.131639
0.707107 1500 20 646.918 0.0882901
0.5 1500 20 615.851 0.0489569
0.25 1500 20 590.584 0.0239812
1 1500 25 699.384 0.094795
0.707107 1500 25 645.826 0.0792047
0.5 1500 25 615.428 0.0514322
0.25 1500 25 590.542 0.0236538
1 1500 30 697.594 0.119316
0.707107 1500 30 644.988 0.090373
0.5 1500 30 614.884 0.0608171
0.25 1500 30 590.338 0.01691
1 1500 40 693.338 0.136357
0.707107 1500 40 642.529 0.0614641
0.5 1500 40 613.673 0.0405654
0.25 1500 40 590.047 0.0266328
1 1500 50 689.41 0.0727024
0.707107 1500 50 640.648 0.0566509
0.5 1500 50 612.577 0.0347774
0.25 1500 50 589.71 0.0158652
1 1500 60 686.532 0.103102
0.707107 1500 60 638.724 0.0633319
0.5 1500 60 611.609 0.0410309
0.25 1500 60 589.47 0.0202902
1 1500 70 684.737 0.1163
0.707107 1500 70 637.57 0.146513
0.5 1500 70 611.049 0.0248242
0.25 1500 70 589.289 0.0200985
1 1625 15 743.256 0.127961
0.707107 1625 15 691.382 0.0756356
0.5 1625 15 662.193 0.0543732
0.25 1625 15 638.504 0.0268532
1 1625 20 741.664 0.129062
0.707107 1625 20 690.879 0.085315
0.5 1625 20 661.825 0.040943
0.25 1625 20 638.431 0.0223553
1 1625 25 740.152 0.112076
0.707107 1625 25 689.728 0.0689381
0.5 1625 25 661.351 0.0480274
0.25 1625 25 638.317 0.0260195
1 1625 30 738.446 0.102937
0.707107 1625 30 688.859 0.0553379
0.5 1625 30 660.86 0.0391885
0.25 1625 30 638.184 0.0190915
1 1625 40 734.339 0.0913161
0.707107 1625 40 686.886 0.0719291
0.5 1625 40 659.795 0.0470563
0.25 1625 40 637.877 0.0232064
1 1625 50 731.08 0.0704444
0.707107 1625 50 684.839 0.0818269
0.5 1625 50 658.989 0.0761468
0.25 1625 50 637.638 0.0165835
1 1625 60 728.294 0.0688723
0.707107 1625 60 683.356 0.0581459
0.5 1625 60 658.007 0.031968
0.25 1625 60 637.408 0.015895
1 1625 70 726.517 0.0506291
0.707107 1625 70 682.148 0.0433146
0.5 1625 70 657.372 0.0353444
0.25 1625 70 637.257 0.0247568
1 1750 10 786.273 0.104786
0.707107 1750 10 736.339 0.089957
0.5 1750 10 708.599 0.048993
0.25 1750 10 686.324 0.0201784
1 1750 15 785.138 0.153155
0.707107 1750 15 735.732 0.0550181
0.5 1750 15 708.301 0.070185
0.25 1750 15 686.278 0.0156221
1 1750 20 783.871 0.0991896
0.707107 1750 20 735.002 0.0834781
0.5 1750 20 707.97 0.0398647
0.25 1750 20 686.225 0.0151708
1 1750 25 782.378 0.0950009
0.707107 1750 25 734.512 0.0458355
0.5 1750 25 707.595 0.0408518
0.25 1750 25 686.085 0.0207577
1 1750 30 780.347 0.112842
0.707107 1750 30 733.399 0.0801442
0.5 1750 30 707.21 0.0347028
0.25 1750 30 685.96 0.019975
1 1750 40 777.175 0.110687
0.707107 1750 40 731.66 0.0440459
0.5 1750 40 706.305 0.0366182
0.25 1750 40 685.721 0.0119156
1 1750 50 774.167 0.125969
0.707107 1750 50 729.786 0.0355699
0.5 1750 50 705.35 0.0346036
0.25 1750 50 685.502 0.0145709
1 1750 60 771.956 0.232143
0.707107 1750 60 728.392 0.0460626
0.5 1750 60 705.214 0.0281509
0.25 1750 60 685.498 0.0184895
1 1750 70 769.815 0.0728213
0.707107 1750 70 727.421 0.0311798
0.5 1750 70 703.967 0.0332755
0.25 1750 70 685.166 0.00972735
1 1875 15 827.309 0.124945
0.707107 1875 15 780.456 0.0922536
0.5 1875 15 754.823 0.0413613
0.25 1875 15 734.198 0.0194693
1 1875 20 826.027 0.116699
0.707107 1875 20 779.826 0.0693342
0.5 1875 20 754.534 0.0501926
0.25 1875 20 734.11 0.0172586
1 1875 30 822.919 0.101728
0.707107 1875 30 778.233 0.0528823
0.5 1875 30 753.681 0.0423141
0.25 1875 30 733.931 0.0157012
1 1875 40 819.871 0.0782826
0.707107 1875 40 776.583 0.0870122
0.5 1875 40 752.823 0.0308643
0.25 1875 40 733.735 0.00998655
1 1875 50 816.92 0.0828011
0.707107 1875 50 775.049 0.0548109
0.5 1875 50 751.932 0.0257382
0.25 1875 50 733.473 0.0150796
1 1875 60 815.056 0.212137
0.707107 1875 60 773.743 0.0358794
0.5 1875 60 751.825 0.0432028
0.25 1875 60 733.483 0.011232
1 1875 70 813.242 0.0650673
0.707107 1875 70 773.034 0.0453867
0.5 1875 70 750.814 0.037159
0.25 1875 70 733.203 0.00690725
1 2000 10 871.215 0.118965
0.707107 2000 10 826.031 0.106304
0.5 2000 10 801.525 0.0469637
0.25 2000 10 782.229 0.013322
1 2000 15 870.034 0.100603
0.707107 2000 15 825.601 0.0694875
0.5 2000 15 801.347 0.0371327
0.25 2000 15 782.202 0.0160459
1 2000 20 868.709 0.0928596
0.707107 2000 20 824.952 0.0745005
0.5 2000 20 801.099 0.0379869
0.25 2000 20 782.112 0.00851369
1 2000 30 865.879 0.119113
0.707107 2000 30 823.587 0.0561769
0.5 2000 30 800.421 0.0271529
0.25 2000 30 781.919 0.0101845
1 2000 40 863.255 0.0733676
0.707107 2000 40 822.003 0.065932
0.5 2000 40 799.614 0.0321166
0.25 2000 40 781.709 0.0154983
1 2000 50 860.467 0.084778
0.707107 2000 50 820.737 0.0493418
0.5 2000 50 798.871 0.0237039
0.25 2000 50 781.549 0.0180171
1 2000 60 858.47 0.0630181
0.707107 2000 60 819.566 0.0508274
0.5 2000 60 798.238 0.0278701
0.25 2000 60 781.378 0.00867028
1 2000 70 857.009 0.0793345
0.707107 2000 70 818.668 0.0489014
0.5 2000 70 797.831 0.0253377
0.25 2000 70 781.277 0.0110345
1 2000 85 855.703 0.0762886
0.707107 2000 85 817.88 0.0305854
0.5 2000 85 797.404 0.0253459
0.25 2000 85 781.148 nan
1 2125 40 906.561 0.0649467
0.707107 2125 40 867.682 0.0468187
0.5 2125 40 846.547 0.0132505
0.25 2125 40 829.817 0.0130983
1 2125 50 903.862 0.0696229
0.707107 2125 50 866.357 0.0569651
0.5 2125 50 845.921 0.0305635
0.25 2125 50 829.666 0.00625629
1 2125 60 902.188 0.0420573
0.707107 2125 60 865.308 0.0498847
0.5 2125 60 845.339 0.0241927
0.25 2125 60 829.493 0.0079713
1 2125 70 900.883 0.0559241
0.707107 2125 70 864.618 0.0369107
0.5 2125 70 844.915 0.0218861
0.25 2125 70 829.39 0.0104312
1 2125 85 899.714 0.0386936
0.707107 2125 85 863.947 0.0392647
0.5 2125 85 844.554 0.0122076
0.25 2125 85 829.295 0.0109616
1 2250 20 955.731 0.109457
0.707107 2250 20 916.286 0.0652342
0.5 2250 20 894.961 0.0348584
0.25 2250 20 878.236 0.0103523
1 2250 30 953.379 0.0697377
0.707107 2250 30 915.036 0.0646035
0.5 2250 30 894.345 0.0305171
0.25 2250 30 878.072 0.00704363
1 2250 40 950.828 0.0693138
0.707107 2250 40 913.741 0.0484994
0.5 2250 40 893.689 0.0271915
0.25 2250 40 877.931 0.0105105
1 2250 50 948.615 0.0659272
0.707107 2250 50 912.633 0.0453155
0.5 2250 50 893.091 0.0202085
0.25 2250 50 877.754 0.0159452
1 2250 70 945.549 0.0542675
0.707107 2250 70 910.916 0.0443387
0.5 2250 70 892.229 0.0191022
0.25 2250 70 877.534 0.00720365
1 2250 85 944.545 0.0571712
0.707107 2250 85 910.31 0.0352163
0.5 2250 85 891.897 0.0226872
0.25 2250 85 877.457 0.00555837
1 2375 100 989.777 0.207969
0.707107 2375 100 957.249 0.0255153
0.5 2375 100 939.574 0.0165431
0.25 2375 100 925.726 0.0104378
1 2375 40 995.099 0.0778705
0.707107 2375 40 959.892 0.047558
0.5 2375 40 940.915 0.0255855
0.25 2375 40 926.063 0.0131961
1 2375 50 993.066 0.0391937
0.707107 2375 50 958.802 0.0341729
0.5 2375 50 940.384 0.021818
0.25 2375 50 925.936 0.0104436
1 2375 70 990.352 0.0507695
0.707107 2375 70 957.259 0.0393813
0.5 2375 70 939.597 0.0185996
0.25 2375 70 925.727 nan
1 2375 85 989.285 0.0684436
0.707107 2375 85 956.659 0.0387383
0.5 2375 85 939.25 0.0225092
0.25 2375 85 925.656 0.00788684
1 2500 100 1034.13 0.0406543
0.707107 2500 100 1003.09 0.0322461
0.5 2500 100 986.675 0.017068
0.25 2500 100 973.837 0.00943834
1 2500 125 1034.37 0.0517238
0.707107 2500 125 1003.2 0.0265942
0.5 2500 125 986.711 0.0131869
0.25 2500 125 973.823 0.00497603
1 2500 20 1044.1 0.0822763
0.707107 2500 20 1008.36 0.0497175
0.5 2500 20 989.297 0.0256533
0.25 2500 20 974.508 0.0115591
1 2500 30 1042.13 0.0611682
0.707107 2500 30 1007.41 0.0376885
0.5 2500 30 988.872 0.0244404
0.25 2500 30 974.376 0.0074581
1 2500 40 1040.06 0.0764956
0.707107 2500 40 1006.23 0.0402572
0.5 2500 40 988.288 0.0212561
0.25 2500 40 974.257 0.0105608
1 2500 50 1038.16 0.0642996
0.707107 2500 50 1005.35 0.0395535
0.5 2500 50 987.781 0.0248348
0.25 2500 50 974.113 0.00964221
1 2500 60 1036.65 0.0532201
0.707107 2500 60 1004.54 0.0242161
0.5 2500 60 987.418 0.0189179
0.25 2500 60 974.027 0.0106405
1 2500 70 1035.45 0.0643717
0.707107 2500 70 1003.94 0.0483163
0.5 2500 70 987.097 0.0232244
0.25 2500 70 973.933 0.00584563
1 2500 85 1034.55 0.0571469
0.707107 2500 85 1003.4 0.0402263
0.5 2500 85 986.782 0.0228815
0.25 2500 85 973.861 0.0111401
1 2625 100 1079.55 0.0562443
0.707107 2625 100 1049.94 0.0241914
0.5 2625 100 1034.28 0.0206017
0.25 2625 100 1022.07 0.00875921
1 2625 125 1080.89 0.0443085
0.707107 2625 125 1050.54 0.0456613
0.5 2625 125 1034.58 0.0173244
0.25 2625 125 1022.14 0.00560983
1 2625 40 1085.09 0.0475387
0.707107 2625 40 1052.77 0.0356227
0.5 2625 40 1035.78 0.0230837
0.25 2625 40 1022.46 0.00521493
1 2625 60 1081.89 0.0854458
0.707107 2625 60 1051.26 0.0313512
0.5 2625 60 1034.93 0.0234606
0.25 2625 60 1022.23 0.00937864
1 2625 70 1080.88 0.0544734
0.707107 2625 70 1050.66 0.0306779
0.5 2625 70 1034.63 0.0195711
0.25 2625 70 1022.17 0.00618082
1 2625 85 1080.04 0.0406474
0.707107 2625 85 1050.16 0.0280785
0.5 2625 85 1034.38 0.0260109
0.25 2625 85 1022.09 0.00585004
1 2750 100 1125.2 0.0573124
0.707107 2750 100 1096.86 0.0313674
0.5 2750 100 1081.91 0.019942
0.25 2750 100 1070.32 0.00686062
1 2750 125 1125.42 0.0393662
0.707107 2750 125 1097.15 0.0761155
0.5 2750 125 1081.91 0.013887
0.25 2750 125 1070.33 0.00401925
1 2750 30 1131.93 0.0624166
0.707107 2750 30 1100.45 0.0381004
0.5 2750 30 1083.74 0.021051
0.25 2750 30 1070.79 0.0109339
1 2750 50 1128.54 0.0688806
0.707107 2750 50 1098.72 0.0409676
0.5 2750 50 1082.89 0.0167723
0.25 2750 50 1070.59 0.00678784
1 2750 60 1127.27 0.0682501
0.707107 2750 60 1097.96 0.0299642
0.5 2750 60 1082.55 0.0220137
0.25 2750 60 1070.5 0.0104117
1 2750 70 1126.34 0.0827373
0.707107 2750 70 1097.55 0.0349242
0.5 2750 70 1082.24 0.0217133
0.25 2750 70 1070.42 0.00893515
1 2750 85 1125.57 0.0593128
0.707107 2750 85 1097.04 0.0358984
0.5 2750 85 1082 0.0174817
0.25 2750 85 1070.37 0.0058661
1 2875 100 1171.53 0.113644
0.707107 2875 100 1143.9 0.0216625
0.5 2875 100 1129.64 0.0138051
0.25 2875 100 1118.68 0.00429854
1 2875 125 1171.11 0.0453919
0.707107 2875 125 1143.86 0.0271853
0.5 2875 125 1129.66 0.0114034
0.25 2875 125 1118.6 0.00583834
1 2875 85 1171.45 0.0556015
0.707107 2875 85 1144.06 0.0200258
0.5 2875 85 1129.73 0.0204415
0.25 2875 85 1118.64 0.00867456
1 3000 100 1217.06 0.046293
0.707107 3000 100 1191.05 0.0275329
0.5 3000 100 1177.44 0.0135651
0.25 3000 100 1166.93 0.00844688
1 3000 125 1217.25 0.0518666
0.707107 3000 125 1191.01 0.032632
0.5 3000 125 1177.44 0.0155398
0.25 3000 125 1166.93 0.0048792
1 3000 150 1217.55 0.0522557
0.707107 3000 150 1191.19 0.0224005
0.5 3000 150 1177.5 0.00784782
0.25 3000 150 1166.94 0.00696295
1 3000 30 1222.89 0.0572691
0.707107 3000 30 1194.05 0.0315669
0.5 3000 30 1178.96 0.0232697
0.25 3000 30 1167.29 0.00546181
1 3000 60 1218.87 0.0676238
0.707107 3000 60 1192.06 0.0385351
0.5 3000 60 1177.99 0.0196806
0.25 3000 60 1167.07 0.0073541
1 3000 70 1218.15 0.0578198
0.707107 3000 70 1191.58 0.0244744
0.5 3000 70 1177.7 0.0149314
0.25 3000 70 1166.98 0.0042753
1 3000 85 1217.37 0.0589799
0.707107 3000 85 1191.24 0.0320787
0.5 3000 85 1177.5 0.0133916
0.25 3000 85 1166.97 0.00643831
1 3125 100 1263.46 0.0497195
0.707107 3125 100 1238.32 0.0225283
0.5 3125 100 1225.25 0.0196644
0.25 3125 100 1215.21 0.0072924
1 3125 125 1263.5 0.0527682
0.707107 3125 125 1238.36 0.0270975
0.5 3125 125 1225.28 0.0136178
0.25 3125 125 1215.22 0.00789865
1 3250 100 1309.43 0.0678769
0.707107 3250 100 1285.64 0.0134183
0.5 3250 100 1273.14 0.0155484
0.25 3250 100 1263.54 0.00670679
1 3250 125 1309.61 0.0771502
0.707107 3250 125 1285.66 0.0236901
0.5 3250 125 1273.17 0.0352505
0.25 3250 125 0 nan
1 3250 150 1310.17 0.0915249
0.707107 3250 150 1285.81 0.0328767
0.5 3250 150 1273.27 0.0133602
0.25 3250 150 1263.58 0.00364333
1 3250 70 1310.38 0.0522065
0.707107 3250 70 1286.14 0.0361614
0.5 3250 70 1273.41 0.0144639
0.25 3250 70 1263.61 0.00594
1 3250 85 1309.71 0.0434057
0.707107 3250 85 1285.78 0.0324391
0.5 3250 85 1273.21 0.012368
0.25 3250 85 1263.56 0.00693652
1 3375 100 1356.01 0.0296083
0.707107 3375 100 1333.08 0.026411
0.5 3375 100 1321.06 0.0120583
0.25 3375 100 1311.86 0.00412479
1 3375 125 1356.15 0.0446876
0.707107 3375 125 1333.1 0.0299276
0.5 3375 125 1321.09 0.00922853
0.25 3375 125 1311.86 0.00458034
1 3500 100 1402.78 0.0537311
0.707107 3500 100 1380.55 0.0161008
0.5 3500 100 1369.03 0.0140903
0.25 3500 100 1360.21 0.0082069
1 3500 125 1402.93 0.0445837
0.707107 3500 125 1380.58 0.0253464
0.5 3500 125 1369.04 0.00622145
0.25 3500 125 1360.21 0.0090285
1 3500 150 1403.22 0.0268698
0.707107 3500 150 1380.75 0.0240071
0.5 3500 150 1369.13 0.0152199
0.25 3500 150 1360.23 0.00602542
1 3500 175 1403.78 0.0430705
0.707107 3500 175 1381.23 0.0231035
0.5 3500 175 1369.26 0.0140392
0.25 3500 175 1360.26 0.00330492
1 3500 70 1403.5 0.071611
0.707107 3500 70 1380.92 0.026499
0.5 3500 70 1369.24 0.0115303
0.25 3500 70 1360.27 0.00379772
1 3500 85 1402.87 0.0478619
0.707107 3500 85 1380.67 0.0283162
0.5 3500 85 1369.06 0.0161576
0.25 3500 85 1360.24 0.00672371
1 3625 150 1449.98 0.043087
0.707107 3625 150 1428.29 0.0262666
0.5 3625 150 1417.13 0.0108568
0.25 3625 150 1408.58 0.00511882
1 3625 175 1450.43 0.0438614
0.707107 3625 175 1428.59 0.0374738
0.5 3625 175 1417.25 0.0183669
0.25 3625 175 1408.62 0.00350791
1 3750 100 1496.27 0.0459784
0.707107 3750 100 1475.68 0.0250224
0.5 3750 100 1465.05 0.0118704
0.25 3750 100 1456.91 0.00374918
1 3750 125 1496.36 0.0465916
0.707107 3750 125 1475.74 0.0247881
0.5 3750 125 1465.07 0.0112682
0.25 3750 125 1456.93 0.00443301
1 3750 150 1496.75 0.0418283
0.707107 3750 150 1475.92 0.0186718
0.5 3750 150 1465.16 0.0136604
0.25 3750 150 1456.94 0.00426626
1 3750 175 1497.35 0.0435428
0.707107 3750 175 1476.19 0.0206734
0.5 3750 175 1465.27 0.0166766
0.25 3750 175 1456.98 0.00298764
1 3750 85 1496.52 0.0342732
0.707107 3750 85 1475.8 0.0295833
0.5 3750 85 1465.1 0.00461337
0.25 3750 85 1456.94 0.00616092
1 3875 150 1543.92 0.0768876
0.707107 3875 150 1523.64 0.0224972
0.5 3875 150 1513.24 0.0155265
0.25 3875 150 1505.33 0.00451968
1 3875 175 1544.33 0.0376408
0.707107 3875 175 1523.85 0.0211089
0.5 3875 175 1513.34 0.00918373
0.25 3875 175 1505.35 0.00725964
1 4000 100 1590 0.0314977
0.707107 4000 100 1570.95 0.0160382
0.5 4000 100 1561.18 0.0411542
0.25 4000 100 1553.66 0.00636831
1 4000 125 1590.2 0.0522569
0.707107 4000 125 1571.04 0.0250509
0.5 4000 125 1561.17 0.0229975
0.25 4000 125 1553.66 0.00385234
1 4000 150 1590.58 0.0683431
0.707107 4000 150 1571.22 0.0216971
0.5 4000 150 1561.18 0.069061
0.25 4000 150 1553.68 0.00318647
1 4000 175 1591.51 0.0519924
0.707107 4000 175 1571.7 0.0129588
0.5 4000 175 1561.5 0.013956
0.25 4000 175 1553.74 0.0056051
1 4000 85 1590.21 nan
0.707107 4000 85 1571.07 0.0273802
0.5 4000 85 1561.2 0.0151121
0.25 4000 85 1553.66 0.00547331
1 400 10 390.947 0.151183
0.707107 400 10 306.154 0.0936805
0.5 400 10 247.184 0.0738042
0.25 400 10 184.717 0.0317223
1 400 15 391.095 0.242907
0.707107 400 15 304.922 0.0853766
0.5 400 15 247.235 0.0770561
0.25 400 15 184.528 0.0321905
1 4125 150 1637.66 0.0326799
0.707107 4125 150 1618.99 0.0280423
0.5 4125 150 1609.37 0.0144523
0.25 4125 150 1602.04 0.0058476
1 4250 100 1684.25 0.0252474
0.707107 4250 100 1666.51 0.0246716
0.5 4250 100 1657.37 0.00691748
0.25 4250 100 1650.41 0.00273942
1 4250 125 1684.48 0.0554889
0.707107 4250 125 1666.6 0.0197958
0.5 4250 125 1657.41 0.0149794
0.25 4250 125 1650.42 0.00678198
1 4250 150 1684.86 0.0296605
0.707107 4250 150 1666.77 0.0336977
0.5 4250 150 1657.58 0.0234199
0.25 4250 150 1650.44 0.0057287
1 4250 175 1685.31 0.0404386
0.707107 4250 175 1667.06 0.0330294
0.5 4250 175 1657.61 0.014068
0.25 4250 175 1650.47 0.00254399
1 4250 200 1685.94 0.0481968
0.707107 4250 200 1667.33 0.0331121
0.5 4250 200 1657.79 0.00461449
0.25 4250 200 1650.51 0.00234234
1 4250 85 1684.46 0.0692695
0.707107 4250 85 1666.59 0.0151119
0.5 4250 85 1657.4 0.00731329
0.25 4250 85 1650.41 0.00695307
1 4500 100 1778.74 0.0337717
0.707107 4500 100 1762.18 0.0177018
0.5 4500 100 1753.69 0.0123858
0.25 4500 100 1747.21 0.00224023
1 4500 150 1779.36 0.0439272
0.707107 4500 150 1762.43 0.0248729
0.5 4500 150 1753.82 0.0103526
0.25 4500 150 1747.24 0.00487922
1 4500 200 1780.36 0.03608
0.707107 4500 200 1762.94 0.0351106
0.5 4500 200 1754.06 0.0151941
0.25 4500 200 1747.28 0.00631842
1 4500 225 1781 0.0784349
0.707107 4500 225 1763.31 0.0220351
0.5 4500 225 1754.2 0.0199553
0.25 4500 225 1747.35 0.00530389
1 4750 100 1873.56 0.0474348
0.707107 4750 100 1858 0.0211517
0.5 4750 100 1850.03 0.0103947
0.25 4750 100 1843.99 0.00406603
1 4750 150 1874.28 0.0331006
0.707107 4750 150 1858.27 0.0220048
0.5 4750 150 1850.17 0.0109172
0.25 4750 150 1844.03 0.00627033
1 4750 200 1875.22 0.0505918
0.707107 4750 200 1858.8 0.0348383
0.5 4750 200 1850.44 0.0142231
0.25 4750 200 1844.08 0.00586062
1 4750 225 1875.71 nan
0.707107 4750 225 1859.09 0.0210006
0.5 4750 225 1850.59 0.0152892
0.25 4750 225 1844.13 0.00856746
1 5000 150 1969.23 0.0311811
0.707107 5000 150 1954.22 0.0204755
0.5 5000 150 1946.6 0.00725804
0.25 5000 150 1940.84 0.00474748
1 5000 175 1969.64 0.0286217
0.707107 5000 175 1954.46 0.0146628
0.5 5000 175 1950.48 3.72986
0.25 5000 175 1940.86 0.00402417
1 5000 200 1970.19 0.0278321
0.707107 5000 200 1954.72 0.024254
0.5 5000 200 1946.86 0.0161872
0.25 5000 200 1940.89 0.00504357
1 5000 225 1970.75 0.052744
0.707107 5000 225 1954.96 0.036391
0.5 5000 225 1947 0.0170572
0.25 5000 225 1940.92 0.00303359
1 5000 250 1971.47 0.0773504
0.707107 5000 250 1955.41 0.035759
0.5 5000 250 1947.18 0.0159786
0.25 5000 250 1940.95 0.00572767
1 500 10 413.881 0.1852
0.707107 500 10 331.363 0.132352
0.5 500 10 275.593 0.0681465
0.25 500 10 218.752 0.0422784
1 500 15 412.826 0.257056
0.707107 500 15 331.128 0.123101
0.5 500 15 275.707 0.104423
0.25 500 15 218.661 0.0314589
1 5250 150 2064.19 0.0160763
0.707107 5250 150 2050.19 0.0151716
0.5 5250 150 2043.06 0.0132585
0.25 5250 150 2037.66 0.00332391
1 5250 175 2064.69 0.0352913
0.707107 5250 175 2050.4 0.0234807
0.5 5250 175 2043.22 0.0236125
0.25 5250 175 2037.69 0.00349574
1 5250 200 2065.17 nan
0.707107 5250 200 2050.65 0.0402286
0.5 5250 200 2043.32 0.0138857
0.25 5250 200 2037.72 0.00248118
1 5250 225 2065.75 0.0257054
0.707107 5250 225 2050.93 0.025282
0.5 5250 225 2043.44 0.0155181
0.25 5250 225 2037.75 0.00601809
1 5250 250 2066.36 0.100376
0.707107 5250 250 2051.36 0.0349323
0.5 5250 250 2043.59 0.0230036
0.25 5250 250 2037.79 0.00612075
1 5500 150 2159.55 0.0314709
0.707107 5500 150 2146.33 0.0278267
0.5 5500 150 2139.55 0.0309213
0.25 5500 150 2134.5 0.00338068
1 5500 175 2160.24 nan
0.707107 5500 175 2146.54 0.0130715
0.5 5500 175 2139.7 0.0108088
0.25 5500 175 2134.53 0.00406258
1 5500 200 2160.39 nan
0.707107 5500 200 2146.77 0.0141699
0.5 5500 200 2139.81 0.0130582
0.25 5500 200 2134.55 0.00323437
1 5500 225 2161.09 0.0567253
0.707107 5500 225 2147.1 0.018914
0.5 5500 225 2139.95 0.00868506
0.25 5500 225 2134.59 0.00277531
1 5500 250 2161.65 0.028937
0.707107 5500 250 2147.33 0.0185981
0.5 5500 250 2140.1 0.0216757
0.25 5500 250 2134.63 0.00610212
1 6000 175 2351.1 0.0477964
0.707107 6000 175 2338.96 0.0220848
0.5 6000 175 2332.83 0.0087224
0.25 6000 175 2328.23 0.00298018
1 6000 200 2351.51 0.0454071
0.707107 6000 200 2339.23 0.0167834
0.5 6000 200 2333 0.0152252
0.25 6000 200 2328.27 0.00479612
1 6000 225 2352.07 0.0338452
0.707107 6000 225 2339.42 nan
0.5 6000 225 2333.12 0.00798467
0.25 6000 225 2328.3 0.00282941
1 6000 250 2352.62 0.0530225
0.707107 6000 250 2339.87 0.027653
0.5 6000 250 2333.22 0.00854019
0.25 6000 250 2328.33 0.00698155
1 600 10 438.784 0.204863
0.707107 600 10 359.23 0.136647
0.5 600 10 305.88 0.0965406
0.25 600 10 254.106 0.0213786
1 600 15 436.973 0.271418
0.707107 600 15 358.651 0.16477
0.5 600 15 305.815 0.0843722
0.25 600 15 253.995 0.0303005
1 600 20 433.885 0.14474
0.707107 600 20 356.361 0.158335
0.5 600 20 304.643 0.0957154
0.25 600 20 253.898 0.0232939
1 700 10 465.246 0.171831
0.707107 700 10 387.937 0.145635
0.5 700 10 337.851 0.049366
0.25 700 10 290.267 0.0407113
1 700 15 463.96 0.228593
0.707107 700 15 387.381 0.151252
0.5 700 15 337.245 0.0955627
0.25 700 15 290.181 0.0298301
1 750 10 478.61 0.196817
0.707107 750 10 402.947 0.099624
0.5 750 10 353.895 0.0292817
0.25 750 10 308.555 0.0189088
1 800 10 492.281 0.203453
0.707107 800 10 417.815 0.134391
0.5 800 10 370.511 0.100781
0.25 800 10 326.953 0.0156745
1 800 15 490.625 0.223383
0.707107 800 15 417.326 0.142176
0.5 800 15 369.968 0.110697
0.25 800 15 326.886 0.0127096
1 800 20 488.194 0.229383
0.707107 800 20 415.767 0.207101
0.5 800 20 369.389 0.0838741
0.25 800 20 326.681 0.0408498
1 800 30 481.08 0.261959
0.707107 800 30 411.721 0.11741
0.5 800 30 366.956 0.101581
0.25 800 30 325.994 0.0287936
1 900 10 520.648 0.18912
0.707107 900 10 448.924 0.110946
0.5 900 10 404.073 0.0465993
0.25 900 10 363.987 0.0127845
1 900 15 518.776 0.212402
0.707107 900 15 448.05 0.115077
0.5 900 15 403.679 0.0861094
0.25 900 15 363.965 0.0191262
1 900 20 516.714 0.207274
0.707107 900 20 446.804 0.153038
0.5 900 20 402.844 0.0907866
0.25 900 20 363.679 0.0302666
1 900 30 510.241 0.164276
0.707107 900 30 443.487 0.192842
0.5 900 30 401.626 0.0859551
0.25 900 30 363.398 0.0385277
