# y=sqrt(m0/m) temperature[K] pressure[bar] T_cv[meV/molecule] T_cv_error[meV/molecule]
1 1000 100 513.922 0.060207
0.707107 1000 100 456.48 0.0638556
0.5 1000 100 423.975 0.0171975
0.25 1000 100 397.269 0.00863286
1 1000 10 549.35 0.118929
0.707107 1000 10 480.646 0.127216
0.5 1000 10 438.348 0.0483414
0.25 1000 10 401.38 0.0148445
1 1000 125 520.362 0.0772067
0.707107 1000 125 459.604 0.0335112
0.5 1000 125 425.468 0.028589
0.25 1000 125 397.62 0.0088291
1 1000 150 527.023 0.101157
0.707107 1000 150 463.052 0.0433032
0.5 1000 150 427.236 0.0202815
0.25 1000 150 398.079 0.0124192
1 1000 15 548.228 0.205219
0.707107 1000 15 480.063 0.157343
0.5 1000 15 437.989 0.0929104
0.25 1000 15 401.28 0.0229855
1 1000 175 533.268 0.0847288
0.707107 1000 175 466.405 0.0577095
0.5 1000 175 428.998 0.0206949
0.25 1000 175 398.513 0.00989896
1 1000 200 538.709 0.143521
0.707107 1000 200 469.345 0.0748379
0.5 1000 200 430.421 0.0490208
0.25 1000 200 398.919 0.0153561
1 1000 20 546.252 0.262865
0.707107 1000 20 481.328 0.145202
0.5 1000 20 437.564 0.0769619
0.25 1000 20 401.301 0.0288364
1 1000 225 540.659 0.296136
0.707107 1000 225 470.568 0.0813124
0.5 1000 225 431.291 0.0447635
0.25 1000 225 399.124 0.0264091
1 1000 250 543.141 0.13845
0.707107 1000 250 471.672 0.0696372
0.5 1000 250 431.971 0.0416854
0.25 1000 250 399.37 0.0233567
1 1000 300 551.159 0.147921
0.707107 1000 300 476.505 0.0720648
0.5 1000 300 434.359 0.0378997
0.25 1000 300 399.945 0.00682728
1 1000 30 546.83 0.15019
0.707107 1000 30 479.366 0.146484
0.5 1000 30 437.753 0.083449
0.25 1000 30 401.208 0.02514
1 1000 350 561.276 0.179492
0.707107 1000 350 482.181 0.0749572
0.5 1000 350 437.567 0.038694
0.25 1000 350 400.788 nan
1 1000 400 569.703 0.172022
0.707107 1000 400 487.145 0.0778985
0.5 1000 400 440.218 0.0315181
0.25 1000 400 401.535 0.0164432
1 1000 450 578.863 0.206902
0.707107 1000 450 492.591 0.0919597
0.5 1000 450 443.304 0.0390434
0.25 1000 450 402.375 0.0125241
1 1000 500 587.569 0.212237
0.707107 1000 500 497.925 0.104191
0.5 1000 500 446.312 0.036771
0.25 1000 500 403.219 0.0143106
1 1000 50 520.572 0.279472
0.707107 1000 50 463.686 0.158201
0.5 1000 50 429.03 0.1305
0.25 1000 50 398.743 0.0268363
1 1000 550 596.122 0.189229
0.707107 1000 550 503.253 0.131443
0.5 1000 550 449.263 0.0651168
0.25 1000 550 404.015 0.0213417
1 1000 600 604.044 0.206354
0.707107 1000 600 508.128 0.136809
0.5 1000 600 452.116 0.0606283
0.25 1000 600 404.817 0.000263004
1 1000 60 513.961 0.0656819
0.707107 1000 60 458.624 0.0550035
0.5 1000 60 425.892 0.0494029
0.25 1000 60 397.925 0.0163316
1 1000 700 618.028 0.196911
0.707107 1000 700 516.996 0.18153
0.5 1000 700 457.27 0.0675512
0.25 1000 700 406.314 0.0163099
1 1000 75 510.951 0.0776073
0.707107 1000 75 455.787 0.0420412
0.5 1000 75 423.986 0.0304487
0.25 1000 75 397.325 0.0134964
1 1000 800 629.936 0.208612
0.707107 1000 800 524.59 0.14781
0.5 1000 800 461.675 0.0472184
0.25 1000 800 407.601 0.0159932
1 1125 100 551.609 0.0686826
0.707107 1125 100 498.564 0.0430739
0.5 1125 100 468.837 0.0266993
0.25 1125 100 444.72 0.00910524
1 1125 20 584.057 0.294443
0.707107 1125 20 519.475 0.14331
0.5 1125 20 481.05 0.0837977
0.25 1125 20 448.237 0.0345099
1 1125 250 577.983 0.154781
0.707107 1125 250 512.189 0.0767546
0.5 1125 250 475.817 0.0308738
0.25 1125 250 446.501 0.0115199
1 1125 30 583.843 0.172883
0.707107 1125 30 520.06 0.134739
0.5 1125 30 481.313 0.100532
0.25 1125 30 448.238 0.0355349
1 1125 400 602.917 0.144317
0.707107 1125 400 526.014 0.0876312
0.5 1125 400 483.217 0.0456736
0.25 1125 400 448.455 0.00976023
1 1125 50 561.588 0.473946
0.707107 1125 50 505.793 0.584696
0.5 1125 50 477.857 0.164895
0.25 1125 50 447.482 0.0220008
1 1125 600 635.049 nan
0.707107 1125 600 545.203 0.125216
0.5 1125 600 493.871 0.0640855
0.25 1125 600 451.322 0.019423
1 1250 100 591.176 0.0676645
0.707107 1250 100 541.733 0.0467214
0.5 1250 100 514.404 0.0238771
0.25 1250 100 492.411 0.00874632
1 1250 125 595.786 0.0853077
0.707107 1250 125 543.818 0.0397734
0.5 1250 125 515.415 0.0255181
0.25 1250 125 492.631 0.00465982
1 1250 150 601.286 0.0820139
0.707107 1250 150 546.544 0.0380879
0.5 1250 150 516.728 0.0313438
0.25 1250 150 492.971 0.0121302
1 1250 200 610.359 0.153158
0.707107 1250 200 551.32 0.0566236
0.5 1250 200 519.19 0.0504101
0.25 1250 200 493.605 0.0160162
1 1250 20 621.613 0.1515
0.707107 1250 20 561.432 0.12132
0.5 1250 20 525.594 0.0593394
0.25 1250 20 495.502 0.0254307
1 1250 250 614.988 0.0977468
0.707107 1250 250 553.967 0.0961711
0.5 1250 250 520.511 0.031339
0.25 1250 250 493.985 0.0260665
1 1250 300 622.563 0.0968802
0.707107 1250 300 558.001 0.038154
0.5 1250 300 522.657 0.032053
0.25 1250 300 494.474 0.0207317
1 1250 30 622.076 0.135247
0.707107 1250 30 561.677 0.109079
0.5 1250 30 525.731 0.0618594
0.25 1250 30 495.591 0.0248785
1 1250 400 638.107 0.102628
0.707107 1250 400 566.474 0.0840056
0.5 1250 400 527.232 0.0467104
0.25 1250 400 495.663 0.00815381
1 1250 50 612.738 0.130987
0.707107 1250 50 556.219 0.0960058
0.5 1250 50 522.893 0.0605712
0.25 1250 50 494.743 0.0192128
1 1250 600 667.797 0.15129
0.707107 1250 600 584.008 0.0578515
0.5 1250 600 536.767 0.0627655
0.25 1250 600 498.259 0.0203657
1 1250 75 590.33 0.0730813
0.707107 1250 75 542.043 0.0550542
0.5 1250 75 514.853 0.031734
0.25 1250 75 492.575 0.0118306
1 1375 100 632.086 0.0494038
0.707107 1375 100 585.848 0.0468021
0.5 1375 100 560.511 0.0264672
0.25 1375 100 540.243 0.0071669
1 1375 250 653.588 0.0601969
0.707107 1375 250 596.734 0.0601523
0.5 1375 250 565.959 0.0254469
0.25 1375 250 541.582 0.0133822
1 1375 30 661.091 0.139836
0.707107 1375 30 603.918 0.0703199
0.5 1375 30 570.623 0.0381267
0.25 1375 30 543.009 0.0284275
1 1375 400 674.896 0.0442993
0.707107 1375 400 608.181 0.0311576
0.5 1375 400 571.947 0.0543584
0.25 1375 400 543.133 0.0118228
1 1375 50 652.479 0.125693
0.707107 1375 50 598.967 0.103227
0.5 1375 50 567.978 0.0500267
0.25 1375 50 542.273 0.0166148
1 1375 600 702.38 0.183406
0.707107 1375 600 623.991 0.0555582
0.5 1375 600 580.466 0.0348784
0.25 1375 600 545.436 0.0173913
1 1375 75 632.648 0.16576
0.707107 1375 75 587.023 0.233839
0.5 1375 75 561.304 0.068912
0.25 1375 75 540.726 0.0481026
1 1500 100 674.164 0.0666482
0.707107 1500 100 630.664 0.0563739
0.5 1500 100 607.057 0.0236722
0.25 1500 100 588.212 0.00691502
1 1500 125 677.301 0.0382787
0.707107 1500 125 631.956 0.0308603
0.5 1500 125 607.608 0.0236675
0.25 1500 125 588.317 0.0106207
1 1500 150 681.527 0.0305381
0.707107 1500 150 634 0.0301869
0.5 1500 150 608.597 0.024224
0.25 1500 150 588.564 0.00613936
1 1500 175 685.697 0.0515444
0.707107 1500 175 636.122 0.0426565
0.5 1500 175 609.643 0.0242887
0.25 1500 175 588.843 0.00803822
1 1500 200 688.969 0.0394931
0.707107 1500 200 637.777 0.0657172
0.5 1500 200 610.481 0.0318416
0.25 1500 200 589.034 0.0128027
1 1500 20 701.815 0.140896
0.707107 1500 20 647.042 0.125512
0.5 1500 20 616.002 0.0764789
0.25 1500 20 590.682 0.0217414
1 1500 250 693.658 0.0443137
0.707107 1500 250 640.27 0.0456826
0.5 1500 250 611.777 0.0175471
0.25 1500 250 589.35 0.00728232
1 1500 300 700.149 0.0823339
0.707107 1500 300 643.664 0.0397183
0.5 1500 300 613.527 0.0293016
0.25 1500 300 589.822 nan
1 1500 30 701.27 0.130095
0.707107 1500 30 646.986 0.102684
0.5 1500 30 616.161 0.0703982
0.25 1500 30 590.654 0.0141733
1 1500 350 706.543 0.0394746
0.707107 1500 350 647.064 0.0238782
0.5 1500 350 615.275 0.0185703
0.25 1500 350 590.255 0.00747552
1 1500 400 713.419 0.0692967
0.707107 1500 400 650.766 0.041489
0.5 1500 400 617.221 0.0293824
0.25 1500 400 590.755 0.00735682
1 1500 40 696.842 0.167529
0.707107 1500 40 644.552 0.0862283
0.5 1500 40 614.658 0.05108
0.25 1500 40 590.29 0.0181156
1 1500 450 720.372 0.0974716
0.707107 1500 450 654.54 0.0850695
0.5 1500 450 619.167 0.0417803
0.25 1500 450 591.297 0.00589292
1 1500 500 726.885 0.112076
0.707107 1500 500 658.218 nan
0.5 1500 500 621.167 0.0263391
0.25 1500 500 591.793 0.0170468
1 1500 50 693.077 0.105584
0.707107 1500 50 642.36 0.0638966
0.5 1500 50 613.585 0.0419219
0.25 1500 50 589.998 0.0199607
1 1500 550 733.374 0.107686
0.707107 1500 550 661.843 0.0910343
0.5 1500 550 623.109 0.00978702
0.25 1500 550 592.319 0.013498
1 1500 600 738.757 0.271739
0.707107 1500 600 665.113 0.0353163
0.5 1500 600 624.911 0.0331225
0.25 1500 600 592.747 0.0239205
1 1500 60 689.915 0.095319
0.707107 1500 60 640.755 0.069142
0.5 1500 60 612.725 0.0401695
0.25 1500 60 589.759 0.0135255
1 1500 700 747.725 0.547618
0.707107 1500 700 670.458 0.190587
0.5 1500 700 627.931 0.025401
0.25 1500 700 593.607 0.026275
1 1500 75 675.219 0.177803
0.707107 1500 75 633.829 0.70008
0.5 1500 75 608.208 0.137043
0.25 1500 75 588.464 0.0357949
1 1500 800 748.627 0.725703
0.707107 1500 800 672.845 0.305563
0.5 1500 800 629.215 0.235704
0.25 1500 800 594.038 0.0781565
1 1625 100 717.08 0.0931281
0.707107 1625 100 676.294 0.0612282
0.5 1625 100 653.963 0.0359606
0.25 1625 100 636.321 0.0309349
1 1625 250 733.866 0.0741669
0.707107 1625 250 684.404 0.0529633
0.5 1625 250 658.051 0.01699
0.25 1625 250 637.374 0.0152904
1 1625 30 738.82 0.279285
0.707107 1625 30 688.828 0.0741998
0.5 1625 30 660.92 0.0487358
0.25 1625 30 638.177 0.0260833
1 1625 400 751.94 0.0383792
0.707107 1625 400 694.098 nan
0.5 1625 400 662.95 0.0378488
0.25 1625 400 638.643 0.0187109
1 1625 40 737.5 0.121015
0.707107 1625 40 688.508 0.0421716
0.5 1625 40 660.697 0.0396834
0.25 1625 40 638.161 0.0173145
1 1625 50 733.761 0.0996209
0.707107 1625 50 686.301 0.0747588
0.5 1625 50 659.66 0.0340939
0.25 1625 50 637.848 0.0246339
1 1625 600 772.106 0.527193
0.707107 1625 600 707.201 0.11545
0.5 1625 600 670.031 0.0653642
0.25 1625 600 640.557 0.0283159
1 1625 75 728.059 0.148158
0.707107 1625 75 683.07 0.054722
0.5 1625 75 657.855 0.0377827
0.25 1625 75 637.385 0.0208621
1 1750 100 761.007 0.116892
0.707107 1750 100 722.175 0.102183
0.5 1750 100 701.575 0.231078
0.25 1750 100 684.38 0.0200633
1 1750 125 762.967 0.0586212
0.707107 1750 125 722.743 0.0376189
0.5 1750 125 701.252 0.0216881
0.25 1750 125 684.396 0.00777057
1 1750 150 766.049 0.0531147
0.707107 1750 150 724.176 0.0304954
0.5 1750 150 701.934 0.0216868
0.25 1750 150 684.558 0.00427871
1 1750 200 771.679 0.0816745
0.707107 1750 200 727.013 0.0292323
0.5 1750 200 703.382 0.027492
0.25 1750 200 684.91 0.0030118
1 1750 250 776.194 0.0898847
0.707107 1750 250 729.345 0.0333409
0.5 1750 250 704.592 0.0173807
0.25 1750 250 685.219 0.00548568
1 1750 300 781.565 0.04083
0.707107 1750 300 732.154 0.0309841
0.5 1750 300 706.006 0.0126015
0.25 1750 300 685.584 0.0138277
1 1750 30 780.925 0.214595
0.707107 1750 30 733.571 0.0766329
0.5 1750 30 707.215 0.0434333
0.25 1750 30 685.99 0.0206952
1 1750 400 792.512 0.0997189
0.707107 1750 400 738.041 0.0511062
0.5 1750 400 709.012 0.0473313
0.25 1750 400 686.343 0.0179935
1 1750 40 779.788 0.08008
0.707107 1750 40 733.123 0.0885099
0.5 1750 40 706.966 0.0438073
0.25 1750 40 685.952 0.0178986
1 1750 50 776.283 0.111715
0.707107 1750 50 731.188 0.070369
0.5 1750 50 705.921 0.0243369
0.25 1750 50 685.656 0.017737
1 1750 600 808.97 0.686795
0.707107 1750 600 747.645 0.396609
0.5 1750 600 714.591 0.149754
0.25 1750 600 687.925 0.0215587
1 1750 75 770.923 0.0811762
0.707107 1750 75 728.137 0.0335957
0.5 1750 75 704.355 0.0279523
0.25 1750 75 685.259 0.0162958
1 1875 100 811.648 0.0574535
0.707107 1875 100 772.023 0.0349866
0.5 1875 100 750.332 0.0179114
0.25 1875 100 733.081 0.00765618
1 1875 250 819.687 0.0813213
0.707107 1875 250 775.133 0.0462039
0.5 1875 250 751.573 0.0142594
0.25 1875 250 733.314 0.00797691
1 1875 400 833.506 0.421931
0.707107 1875 400 782.921 0.108668
0.5 1875 400 755.642 0.0345627
0.25 1875 400 734.33 0.0232096
1 1875 40 821.477 0.234401
0.707107 1875 40 777.871 0.0640562
0.5 1875 40 753.428 0.0350043
0.25 1875 40 733.866 0.0139565
1 1875 50 818.897 0.0813807
0.707107 1875 50 775.996 0.00797626
0.5 1875 50 752.545 0.0312977
0.25 1875 50 733.642 0.00965621
1 1875 600 844.782 0.622826
0.707107 1875 600 788.834 0.141655
0.5 1875 600 759.59 0.248647
0.25 1875 600 735.294 0.019518
1 1875 75 813.849 0.0588479
0.707107 1875 75 773.387 0.0467221
0.5 1875 75 751.052 0.0320058
0.25 1875 75 733.243 0.0016694
1 2000 100 855.408 0.0455995
0.707107 2000 100 817.781 0.0376126
0.5 2000 100 797.301 0.0243521
0.25 2000 100 781.138 0.0096545
1 2000 125 854.684 0.0479938
0.707107 2000 125 817.283 0.0378472
0.5 2000 125 797.053 0.0245942
0.25 2000 125 781.062 0.0061971
1 2000 150 855.048 0.0739932
0.707107 2000 150 816.487 0.147681
0.5 2000 150 796.522 0.0891948
0.25 2000 150 781.047 nan
1 2000 175 856.238 0.0595603
0.707107 2000 175 817.628 0.0380005
0.5 2000 175 796.851 0.0207499
0.25 2000 175 780.955 nan
1 2000 200 858.183 0.180722
0.707107 2000 200 818.241 0.0580289
0.5 2000 200 797.468 0.0259296
0.25 2000 200 781.114 0.0100975
1 2000 225 859.521 0.271967
0.707107 2000 225 819.395 0.0660908
0.5 2000 225 797.907 0.0355235
0.25 2000 225 781.233 0.011105
1 2000 250 861.538 0.171278
0.707107 2000 250 820.451 0.0665754
0.5 2000 250 798.404 0.0436706
0.25 2000 250 0 nan
1 2000 300 864.741 0.382439
0.707107 2000 300 821.915 0.164838
0.5 2000 300 799.36 0.0677772
0.25 2000 300 781.625 0.0131102
1 2000 30 866.152 0.128442
0.707107 2000 30 823.653 0.0735033
0.5 2000 30 800.373 0.0218028
0.25 2000 30 781.93 0.0126153
1 2000 350 867.536 0.278372
0.707107 2000 350 824.448 0.274268
0.5 2000 350 800.442 0.111583
0.25 2000 350 781.762 0.0260659
1 2000 400 870.899 0.451511
0.707107 2000 400 825.413 0.260082
0.5 2000 400 801.095 0.116972
0.25 2000 400 782.049 0.050982
1 2000 40 863.257 0.0965529
0.707107 2000 40 822.129 0.0586448
0.5 2000 40 800.172 0.0320265
0.25 2000 40 781.75 0.0145745
1 2000 450 874.584 0.225779
0.707107 2000 450 827.178 0.204807
0.5 2000 450 801.985 0.0855877
0.25 2000 450 782.276 0.0192812
1 2000 500 877.884 0.076433
0.707107 2000 500 829.353 0.195548
0.5 2000 500 803.575 0.159513
0.25 2000 500 782.536 0.0491916
1 2000 50 862.123 0.112914
0.707107 2000 50 821.549 0.0317428
0.5 2000 50 799.303 0.0317153
0.25 2000 50 781.636 0.00848391
1 2000 550 881.271 0.061187
0.707107 2000 550 830.983 0.0936604
0.5 2000 550 803.897 0.0654726
0.25 2000 550 782.775 0.0149198
1 2000 600 884.64 0.0863094
0.707107 2000 600 832.839 0.0948447
0.5 2000 600 804.949 0.0638201
0.25 2000 600 783.046 0.0157802
1 2000 60 859.677 0.0853325
0.707107 2000 60 820.198 0.042965
0.5 2000 60 798.601 0.0287775
0.25 2000 60 781.475 0.0114106
1 2000 700 891.483 0.129074
0.707107 2000 700 836.334 0.0498509
0.5 2000 700 807.002 0.0750781
0.25 2000 700 783.523 0.0179981
1 2000 75 857.387 0.0922538
0.707107 2000 75 818.988 0.0445521
0.5 2000 75 797.946 0.021474
0.25 2000 75 781.303 0.0118542
1 2000 800 897.764 0.097169
0.707107 2000 800 839.704 nan
0.5 2000 800 808.569 0.114423
0.25 2000 800 783.996 0.00682191
1 2125 100 899.28 0.0611937
0.707107 2125 100 863.785 0.0283813
0.5 2125 100 844.45 0.0164882
0.25 2125 100 829.265 0.0064408
1 2125 250 903.128 0.0356813
0.707107 2125 250 865.287 0.0354607
0.5 2125 250 845.173 0.0168276
0.25 2125 250 829.445 0.00546599
1 2125 400 912.752 0.0504711
0.707107 2125 400 870.415 0.0962641
0.5 2125 400 847.741 0.0490819
0.25 2125 400 830.059 0.0123445
1 2125 40 906.578 0.0596561
0.707107 2125 40 867.62 0.0451513
0.5 2125 40 846.634 0.0313216
0.25 2125 40 829.825 0.0101447
1 2125 50 905.468 0.0521407
0.707107 2125 50 867.117 0.0381194
0.5 2125 50 846.257 0.0242295
0.25 2125 50 829.735 0.0103161
1 2125 600 926.415 0.132159
0.707107 2125 600 877.502 nan
0.5 2125 600 851.379 0.0275094
0.25 2125 600 831.035 0.0107833
1 2125 75 901.259 0.0626778
0.707107 2125 75 864.79 0.041356
0.5 2125 75 845.015 0.0138513
0.25 2125 75 829.416 0.00946569
1 2250 100 944.216 0.0376558
0.707107 2250 100 910.142 0.0338247
0.5 2250 100 891.778 0.0145215
0.25 2250 100 877.369 nan
1 2250 125 943.771 0.0422825
0.707107 2250 125 909.739 0.0298282
0.5 2250 125 891.626 0.0141216
0.25 2250 125 877.384 0.00565788
1 2250 150 943.967 0.0439025
0.707107 2250 150 909.828 0.0398494
0.5 2250 150 891.589 0.0153017
0.25 2250 150 877.369 0.00779537
1 2250 200 945.464 0.0553698
0.707107 2250 200 910.426 0.0306024
0.5 2250 200 891.884 0.0185557
0.25 2250 200 877.437 0.00628522
1 2250 250 947.795 0.0490582
0.707107 2250 250 911.584 0.0335903
0.5 2250 250 892.445 0.0177437
0.25 2250 250 877.587 0.0100971
1 2250 300 950.445 0.0570641
0.707107 2250 300 912.9 0.0490528
0.5 2250 300 893.105 0.00897534
0.25 2250 300 877.75 0.0185824
1 2250 400 956.649 0.0756661
0.707107 2250 400 916.259 0.0309943
0.5 2250 400 894.77 0.0284119
0.25 2250 400 878.148 0.0175345
1 2250 40 951.034 0.0901773
0.707107 2250 40 913.829 0.024989
0.5 2250 40 893.711 0.0274593
0.25 2250 40 877.923 0.00697319
1 2250 50 949.837 0.0829795
0.707107 2250 50 913.193 0.0501217
0.5 2250 50 893.382 0.016521
0.25 2250 50 877.848 0.014588
1 2250 600 969.686 0.064449
0.707107 2250 600 922.902 0.0465885
0.5 2250 600 898.282 0.020764
0.25 2250 600 879.049 0.0239013
1 2250 75 945.907 0.0548992
0.707107 2250 75 911.027 0.0392149
0.5 2250 75 892.338 0.0271456
0.25 2250 75 877.549 0.0081975
1 2375 100 989.032 0.0299462
0.707107 2375 100 956.541 0.0317008
0.5 2375 100 939.175 0.0208256
0.25 2375 100 925.614 0.00620063
1 2375 250 992.221 0.042878
0.707107 2375 250 957.89 0.0224166
0.5 2375 250 939.812 0.0184662
0.25 2375 250 925.766 0.00723024
1 2375 400 1000.57 0.0414256
0.707107 2375 400 962.25 0.0262261
0.5 2375 400 941.942 0.020665
0.25 2375 400 926.297 0.0101178
1 2375 40 995.126 0.0795839
0.707107 2375 40 959.924 0.0463244
0.5 2375 40 940.993 0.0246549
0.25 2375 40 926.073 0.0118362
1 2375 50 993.959 0.0890161
0.707107 2375 50 959.332 0.0545467
0.5 2375 50 940.656 0.0181859
0.25 2375 50 926.008 0.013457
1 2375 600 1012.7 0.0587115
0.707107 2375 600 968.558 0.0253462
0.5 2375 600 945.24 0.0193339
0.25 2375 600 927.117 0.0126445
1 2375 75 990.341 0.0635741
0.707107 2375 75 957.284 0.0407976
0.5 2375 75 939.623 0.0118965
0.25 2375 75 925.747 0.00652109
1 2500 100 1034.24 0.0564369
0.707107 2500 100 1003.2 0.0265969
0.5 2500 100 986.69 0.0169061
0.25 2500 100 973.841 0.00313049
1 2500 125 1033.99 0.0376536
0.707107 2500 125 1002.99 0.0299147
0.5 2500 125 986.579 0.0136225
0.25 2500 125 973.812 0.00755706
1 2500 150 1034.13 0.056617
0.707107 2500 150 1003.03 0.0277843
0.5 2500 150 986.58 0.0181343
0.25 2500 150 973.808 0.00584932
1 2500 175 1034.57 0.0538393
0.707107 2500 175 1003.27 0.0236791
0.5 2500 175 986.721 0.013409
0.25 2500 175 973.835 0.00685345
1 2500 200 1035.37 0.0454843
0.707107 2500 200 1003.59 0.0294889
0.5 2500 200 986.849 0.0207944
0.25 2500 200 973.856 0.010151
1 2500 225 1036.25 0.0356314
0.707107 2500 225 1004 0.0352716
0.5 2500 225 987.059 0.0156389
0.25 2500 225 973.908 nan
1 2500 250 1037.45 0.0431791
0.707107 2500 250 1004.56 0.0186942
0.5 2500 250 987.331 0.00907924
0.25 2500 250 973.975 0.0074384
1 2500 300 1039.67 0.038273
0.707107 2500 300 1005.72 0.0213635
0.5 2500 300 987.897 0.0140582
0.25 2500 300 974.127 0.00248512
1 2500 350 1042.45 0.0805327
0.707107 2500 350 1007.16 0.0443097
0.5 2500 350 988.603 0.0119417
0.25 2500 350 974.284 0.0133634
1 2500 400 1045.31 nan
0.707107 2500 400 1008.58 0.0508195
0.5 2500 400 989.345 0.0269992
0.25 2500 400 974.491 0.0078264
1 2500 450 1048.4 0.0599049
0.707107 2500 450 1010.15 0.0252908
0.5 2500 450 990.109 0.0122484
0.25 2500 450 974.688 0.00452246
1 2500 500 1051.31 nan
0.707107 2500 500 1011.7 0.0232376
0.5 2500 500 990.92 0.0225561
0.25 2500 500 974.893 0.00815432
1 2500 50 1038.23 0.0731895
0.707107 2500 50 1005.42 0.0350544
0.5 2500 50 987.836 0.0259832
0.25 2500 50 974.132 0.00656995
1 2500 550 1054.11 0.0518716
0.707107 2500 550 1013.14 0.0387079
0.5 2500 550 991.648 0.0189808
0.25 2500 550 975.091 0.00772782
1 2500 600 1057.01 0.0574978
0.707107 2500 600 1014.6 0.0327177
0.5 2500 600 992.485 0.0321231
0.25 2500 600 975.265 0.0136714
1 2500 60 1037.19 0.0808065
0.707107 2500 60 1004.81 0.0336326
0.5 2500 60 987.553 0.0239172
1 2500 700 1062.68 0.0422176
0.707107 2500 700 1017.61 0.0515646
0.5 2500 700 993.987 0.0252035
0.25 2500 700 975.647 0.0112362
1 2500 75 1035.54 0.0369525
0.707107 2500 75 1003.94 0.0323459
0.5 2500 75 987.061 0.0198498
0.25 2500 75 973.942 0.0078301
1 2625 100 1079.73 0.0518968
0.707107 2625 100 1049.99 0.0316989
0.5 2625 100 1034.25 0.0115964
0.25 2625 100 1022.08 0.00772262
1 2625 250 1082.67 0.0497004
0.707107 2625 250 1051.28 0.0305488
0.5 2625 250 1034.91 0.0154379
0.25 2625 250 1022.21 0.0053993
1 2625 400 1090.35 0.0640653
0.707107 2625 400 1055.17 nan
0.5 2625 400 1036.87 0.0245952
0.25 2625 400 1022.72 0.00848365
1 2625 50 1083.37 0.0652273
0.707107 2625 50 1051.99 0.0346981
0.5 2625 50 1035.3 0.0278471
0.25 2625 50 1022.35 0.00532289
1 2625 600 1101.55 0.0631672
0.707107 2625 600 1060.9 0.0314679
0.5 2625 600 1039.76 0.0208435
0.25 2625 600 1023.45 0.00851581
1 2625 75 1081.02 0.0345765
0.707107 2625 75 1050.71 0.0271648
0.5 2625 75 1034.66 0.0198554
0.25 2625 75 1022.18 0.00619309
1 2750 100 1125.23 0.0406022
0.707107 2750 100 1096.89 0.0298184
0.5 2750 100 1081.95 0.0126929
0.25 2750 100 1070.35 0.00739671
1 2750 125 1125.07 0.0608508
0.707107 2750 125 1096.78 0.0267512
0.5 2750 125 1081.87 0.0164034
0.25 2750 125 1070.33 0.00784535
1 2750 150 1125.26 0.0430662
0.707107 2750 150 1096.79 0.0152974
0.5 2750 150 1081.87 0.0136231
0.25 2750 150 1070.31 0.00520373
1 2750 200 1126.4 0.0285432
0.707107 2750 200 1097.33 0.0260781
0.5 2750 200 1082.18 0.011699
0.25 2750 200 1070.38 0.00204178
1 2750 250 1128.17 0.048685
0.707107 2750 250 1098.17 0.00719655
0.5 2750 250 1082.53 0.00989483
0.25 2750 250 1070.47 0.006249
1 2750 300 1130.3 0.0304026
0.707107 2750 300 1099.28 0.0225346
0.5 2750 300 1083.06 0.0108329
0.25 2750 300 1070.61 0.00574916
1 2750 400 1135.45 0.0483373
0.707107 2750 400 1102.21 nan
0.5 2750 400 1084.42 0.00654568
0.25 2750 400 1070.95 0.00711773
1 2750 50 1128.68 0.0645446
0.707107 2750 50 1098.79 0.0364646
0.5 2750 50 1082.91 0.017957
0.25 2750 50 1070.59 0.0110924
1 2750 600 1146.13 0.0825218
0.707107 2750 600 1107.41 0.0318501
0.5 2750 600 1087.21 0.0190504
0.25 2750 600 1071.65 0.0056275
1 2750 75 1126.32 0.0643454
0.707107 2750 75 1097.5 0.0291634
0.5 2750 75 1082.26 0.0199582
0.25 2750 75 1070.43 0.00608087
1 2875 100 1171.19 0.0288816
0.707107 2875 100 1143.96 0.0247174
0.5 2875 100 1129.69 0.0161968
0.25 2875 100 1118.63 0.00406898
1 2875 250 1174 0.0449839
0.707107 2875 250 1145.29 0.0272396
0.5 2875 250 1130.28 0.0142288
0.25 2875 250 1118.75 0.00404841
1 2875 400 1181.1 0.0655314
0.707107 2875 400 1148.8 0.0241118
0.5 2875 400 1132.06 0.0202929
0.25 2875 400 1119.22 0.00546569
1 2875 50 1174.28 0.0631954
0.707107 2875 50 1145.65 0.0370316
0.5 2875 50 1130.54 0.0235814
0.25 2875 50 1118.84 0.00804877
1 2875 600 1191.45 0.0406406
0.707107 2875 600 1154.04 0.034251
0.5 2875 600 1134.72 0.0135156
0.25 2875 600 1119.86 0.00748303
1 2875 75 1171.95 0.0507224
0.707107 2875 75 1144.49 0.021934
0.5 2875 75 1129.9 0.014923
0.25 2875 75 1118.67 0.00684751
1 2875 85 1171.7 0.0421227
0.707107 2875 85 1144.23 0.0334738
0.5 2875 85 1129.82 0.0115558
0.25 2875 85 1118.66 0.00564343
1 3000 100 1217.16 0.050651
0.707107 3000 100 1191.07 0.0210123
0.5 3000 100 1177.49 0.00863507
0.25 3000 100 1166.93 0.0052506
1 3000 125 1217.12 0.0364081
0.707107 3000 125 1191.06 0.0273914
0.5 3000 125 1177.43 0.011352
0.25 3000 125 1166.91 0.00787063
1 3000 150 1217.28 0.0321829
0.707107 3000 150 1191.08 0.0272542
0.5 3000 150 1177.45 0.0125343
0.25 3000 150 1166.91 0.00784134
1 3000 175 1217.79 0.036452
0.707107 3000 175 1191.28 0.025411
0.5 3000 175 1177.55 0.00936552
0.25 3000 175 1166.94 0.00722069
1 3000 200 1218.34 0.0351567
0.707107 3000 200 1191.58 0.0262835
0.5 3000 200 1177.7 0.0129294
0.25 3000 200 1166.97 0.00712515
1 3000 225 1219.13 0.0321322
0.707107 3000 225 1192.01 0.0292869
0.5 3000 225 1177.87 0.0153134
0.25 3000 225 1167.02 0.00659635
1 3000 250 1219.9 0.0747995
0.707107 3000 250 1192.38 0.0261174
0.5 3000 250 1178.06 0.0178813
0.25 3000 250 1167.06 0.00567485
1 3000 300 1221.91 0.0453018
0.707107 3000 300 1193.36 0.0316652
0.5 3000 300 1178.57 0.0133879
0.25 3000 300 1167.18 0.00659571
1 3000 350 1224.3 0.0472387
0.707107 3000 350 1194.57 0.0308295
0.5 3000 350 1179.13 0.0146896
0.25 3000 350 1167.33 0.00352492
1 3000 400 1226.75 0.0430317
0.707107 3000 400 1195.78 0.0249159
0.5 3000 400 1179.8 0.00610631
0.25 3000 400 1167.49 0.00182468
1 3000 450 1229.23 0.039441
0.707107 3000 450 1197.07 0.0434797
0.5 3000 450 1180.4 0.029903
0.25 3000 450 1167.67 0.0121739
1 3000 500 1231.68 0.0129368
0.707107 3000 500 1198.39 0.0343215
0.5 3000 500 1181.06 0.0215173
0.25 3000 500 1167.83 0.00794969
1 3000 50 1220.01 0.0543281
0.707107 3000 50 1192.69 0.0260497
0.5 3000 50 1178.26 0.0162027
0.25 3000 50 1167.15 0.00906967
1 3000 550 1234.16 0.0532615
0.707107 3000 550 1199.55 0.0366208
0.5 3000 550 1181.71 0.0216818
0.25 3000 550 1168 nan
1 3000 600 1236.63 0.0830442
0.707107 3000 600 1200.91 0.0312565
0.5 3000 600 1182.28 0.015349
0.25 3000 600 1168.12 0.00807276
1 3000 700 1241.23 0.0589532
0.707107 3000 700 1203.2 0.0193532
0.5 3000 700 1183.54 0.0290164
0.25 3000 700 1168.44 0.00587943
1 3000 75 1218.01 0.0529677
0.707107 3000 75 1191.6 0.0318435
0.5 3000 75 1177.75 0.020262
0.25 3000 75 1167 0.00584769
1 3000 800 1245.76 0.064425
0.707107 3000 800 1205.54 0.0357121
0.5 3000 800 1184.71 0.00849056
0.25 3000 800 1168.74 0.0064657
1 3000 85 1217.55 0.0635988
0.707107 3000 85 1191.35 0.0177796
0.5 3000 85 1177.61 0.0194822
0.25 3000 85 1166.97 0.00611729
1 3125 100 1263.54 0.0486172
0.707107 3125 100 1238.44 0.0308302
0.5 3125 100 1225.33 0.014308
0.25 3125 100 1215.22 0.00564615
1 3125 250 1266.38 0.0292367
0.707107 3125 250 1239.7 0.0238391
0.5 3125 250 1225.93 0.0108724
0.25 3125 250 1215.37 0.00642869
1 3125 75 1264.36 0.0470614
0.707107 3125 75 1238.86 0.0265639
0.5 3125 75 1225.54 0.0129044
0.25 3125 75 1215.29 0.00477609
1 3125 85 1263.96 0.0347202
0.707107 3125 85 1238.63 0.0290592
0.5 3125 85 1225.4 0.0166873
0.25 3125 85 1215.26 0.00657693
1 3250 100 1309.67 0.0428571
0.707107 3250 100 1285.71 0.0269821
0.5 3250 100 1273.18 0.0168819
0.25 3250 100 1263.57 0.00484029
1 3250 125 1309.69 0.0332082
0.707107 3250 125 1285.71 0.0159996
0.5 3250 125 1273.15 0.0113686
0.25 3250 125 1263.57 0.00847357
1 3250 150 1309.84 0.0131793
0.707107 3250 150 1285.75 0.0270664
0.5 3250 150 1273.22 0.0185399
0.25 3250 150 1263.56 0.00787673
1 3250 200 1310.93 0.058348
0.707107 3250 200 1286.25 0.0161656
0.5 3250 200 1273.44 0.00923959
0.25 3250 200 1263.62 0.00811305
1 3250 250 1312.39 0.0571198
0.707107 3250 250 1287.01 0.0274949
0.5 3250 250 1273.85 0.0141451
0.25 3250 250 1263.72 0.00663321
1 3250 300 1314.38 0.0272512
0.707107 3250 300 1287.92 0.0295306
0.5 3250 300 1274.28 0.0114664
0.25 3250 300 1263.83 0.00732204
1 3250 400 1318.86 0.0370067
0.707107 3250 400 1290.2 0.0273116
0.5 3250 400 1275.43 0.0106605
0.25 3250 400 1264.11 0.00894394
1 3250 600 1327.98 0.0384694
0.707107 3250 600 1294.85 0.0286715
0.5 3250 600 1277.78 0.009949
0.25 3250 600 1264.73 0.00826528
1 3250 85 1309.86 0.0233479
0.707107 3250 85 1285.87 0.0266553
0.5 3250 85 1273.29 0.0163315
0.25 3250 85 1263.59 0.00751121
1 3375 100 1356.38 0.0310529
0.707107 3375 100 1333.19 0.0271241
0.5 3375 100 1321.13 0.0107175
0.25 3375 100 1311.89 0.00424274
1 3375 85 1356.7 0.0510821
0.707107 3375 85 1333.29 0.0210078
0.5 3375 85 1321.2 0.0168478
0.25 3375 85 1311.9 0.00214438
1 3500 100 1402.88 0.0544095
0.707107 3500 100 1380.66 0.0260197
0.5 3500 100 1369.08 0.0159267
0.25 3500 100 1360.22 0.00369788
1 3500 125 1403.06 0.0341021
0.707107 3500 125 1380.68 0.0220764
0.5 3500 125 1369.11 0.0115157
0.25 3500 125 1360.22 0.00474292
1 3500 150 1403.32 0.0423905
0.707107 3500 150 1380.75 0.0260472
0.5 3500 150 1369.12 0.0142592
0.25 3500 150 1360.23 0.00580718
1 3500 175 1403.73 0.0324265
0.707107 3500 175 1381 0.0231419
0.5 3500 175 1369.23 0.00929698
0.25 3500 175 1360.26 0.00850704
1 3500 200 1404.35 0.0235479
0.707107 3500 200 1381.3 0.0208955
0.5 3500 200 1369.39 0.00998354
0.25 3500 200 1360.31 0.00560909
1 3500 225 1405.04 0.0477472
0.707107 3500 225 1381.55 0.0237267
0.5 3500 225 1369.54 0.0130207
0.25 3500 225 1360.34 0.00422816
1 3500 250 1405.65 0.044467
0.707107 3500 250 1381.97 0.0191964
0.5 3500 250 1369.74 0.00847056
0.25 3500 250 1360.37 0.00518684
1 3500 300 1407.52 0.0269509
0.707107 3500 300 1382.85 0.0134493
0.5 3500 300 1370.17 0.0119184
0.25 3500 300 1360.49 0.00327831
1 3500 350 1409.5 0.0457896
0.707107 3500 350 1383.84 0.029203
0.5 3500 350 1370.67 0.0148944
0.25 3500 350 1360.62 nan
1 3500 400 1411.78 0.0353235
0.707107 3500 400 1384.99 0.028971
0.5 3500 400 1371.23 0.018396
0.25 3500 400 1360.74 0.00398212
1 3500 450 1414.01 0.00887462
0.707107 3500 450 1386.08 0.0408041
0.5 3500 450 1371.79 0.0130868
0.25 3500 450 1360.89 0.0037894
1 3500 500 1416.19 0.0330697
0.707107 3500 500 1387.19 0.0206289
0.5 3500 500 1372.35 0.0196208
0.25 3500 500 1361.04 0.0030677
1 3500 550 1418.18 0.027578
0.707107 3500 550 1388.25 0.0380784
0.5 3500 550 1372.89 0.0130332
0.25 3500 550 1361.16 0.00431988
1 3500 600 1420.36 0.0504827
0.707107 3500 600 1389.36 0.0192771
0.5 3500 600 1373.43 0.0185056
0.25 3500 600 1361.31 0.0101106
1 3500 75 1403.31 0.0391218
0.707107 3500 75 1380.84 0.0225661
0.5 3500 75 1369.17 0.0211841
0.25 3500 75 1360.24 0.00531482
1 3500 800 1428.17 0.0486092
0.707107 3500 800 1393.39 0.0323736
0.5 3500 800 1375.46 0.0106988
0.25 3500 800 1361.82 0.00645816
1 3625 100 1449.65 0.0572975
0.707107 3625 100 1428.19 0.0264632
0.5 3625 100 1417.11 0.0130604
0.25 3625 100 1408.59 0.00599621
1 3750 100 1496.6 0.0408507
0.707107 3750 100 1475.74 0.0277676
0.5 3750 100 1465.12 0.0113317
0.25 3750 100 1456.94 0.00509317
1 3750 125 1496.73 0.0403818
0.707107 3750 125 1475.9 0.0225728
0.5 3750 125 1465.12 0.0131022
0.25 3750 125 1456.94 0.00491132
1 3750 150 1497.03 0.0415426
0.707107 3750 150 1475.99 0.0154434
0.5 3750 150 1465.2 0.0160573
0.25 3750 150 1456.96 0.00221778
1 3750 200 1498.11 0.0335158
0.707107 3750 200 1476.48 0.0186969
0.5 3750 200 1465.43 0.0133993
0.25 3750 200 1457.01 0.00250428
1 3750 250 1499.42 0.0535849
0.707107 3750 250 1477.21 0.0289678
0.5 3750 250 1465.79 0.0114442
0.25 3750 250 1457.09 0.00815094
1 3750 300 1501.11 0.0372697
0.707107 3750 300 1478 0.0218546
0.5 3750 300 1466.2 0.0121741
0.25 3750 300 1457.19 nan
1 3750 400 1505.13 0.0325418
0.707107 3750 400 1480 0.0269972
0.5 3750 400 1467.22 0.0145033
0.25 3750 400 1457.45 0.00632807
1 3750 600 1513.35 0.0291114
0.707107 3750 600 1484.1 0.0229146
0.5 3750 600 1469.3 nan
0.25 3750 600 1457.98 0.00292763
1 4000 100 1590.09 0.0317989
0.707107 4000 100 1570.99 0.0227002
0.5 4000 100 1561.19 0.0153901
0.25 4000 100 1553.65 0.00452773
1 4000 125 1590.57 0.0303686
0.707107 4000 125 1571.27 0.0188985
0.5 4000 125 1561.3 0.00954633
0.25 4000 125 1553.69 0.00463247
1 4000 150 1590.89 0.025449
0.707107 4000 150 1571.39 0.0191829
0.5 4000 150 1561.36 0.0112612
0.25 4000 150 1553.7 0.00586612
1 4000 175 1591.44 0.0322159
0.707107 4000 175 1571.66 0.0171554
0.5 4000 175 1561.48 0.0126946
0.25 4000 175 1553.73 0.00650205
1 4000 200 1591.98 0.025602
0.707107 4000 200 1571.88 0.0165126
0.5 4000 200 1561.61 0.0114244
0.25 4000 200 1553.76 0.00397321
1 4000 225 1592.61 0.0228161
0.707107 4000 225 1572.19 0.0217578
0.5 4000 225 1561.78 0.00905325
0.25 4000 225 1553.8 0.00390025
1 4000 250 1593.27 0.0408704
0.707107 4000 250 1572.53 0.0185376
0.5 4000 250 1561.92 0.0107526
0.25 4000 250 1553.84 0.00345985
1 4000 300 1594.91 0.0348153
0.707107 4000 300 1573.41 0.0398823
0.5 4000 300 1562.33 0.009947
0.25 4000 300 1553.94 0.00509921
1 4000 350 1596.71 0.0311209
0.707107 4000 350 1574.28 0.0188812
0.5 4000 350 1562.78 0.00800976
0.25 4000 350 1554.06 0.00698311
1 4000 400 1598.67 0.0255296
0.707107 4000 400 1575.24 0.0246005
0.5 4000 400 1563.25 0.005223
0.25 4000 400 1554.18 0.00552372
1 4000 450 1600.64 nan
0.707107 4000 450 1576.27 0.0193991
0.5 4000 450 1563.79 0.0171417
0.25 4000 450 1554.31 0.00348489
1 4000 500 1602.6 0.0369464
0.707107 4000 500 1577.26 0.0229288
0.5 4000 500 1564.29 0.0127982
0.25 4000 500 1554.44 0.00305948
1 4000 550 1604.5 0.0545578
0.707107 4000 550 1578.19 0.0266272
0.5 4000 550 1564.78 0.00807636
0.25 4000 550 1554.56 0.00663695
1 4000 600 1606.32 0.0432987
0.707107 4000 600 1579.12 0.0263448
0.5 4000 600 1565.26 0.0148217
0.25 4000 600 1554.67 0.00604357
1 4000 700 1609.89 0.035871
0.707107 4000 700 1580.92 0.028233
0.5 4000 700 1566.09 0.0137917
0.25 4000 700 1554.9 0.00318935
1 4000 800 1613.32 0.0521163
0.707107 4000 800 1582.65 0.0177033
0.5 4000 800 1566.98 0.012385
0.25 4000 800 1555.11 0.0040311
1 4250 150 1685.3 0.0271738
0.707107 4250 150 1667 0.0176041
0.5 4250 150 1657.62 0.0112792
0.25 4250 150 1650.47 0.00381322
1 4250 175 1685.8 0.0232015
0.707107 4250 175 1667.22 0.0148805
0.5 4250 175 1657.74 0.009869
0.25 4250 175 1650.5 0.00415602
1 4250 200 1686.32 0.0329251
0.707107 4250 200 1667.51 0.0146586
0.5 4250 200 1657.87 0.0115492
0.25 4250 200 1650.54 0.00442224
1 4250 250 1687.61 0.0312329
0.707107 4250 250 1668.15 0.0208848
0.5 4250 250 1658.17 0.0112359
0.25 4250 250 1650.61 0.00482467
1 4250 300 1689.19 0.0395764
0.707107 4250 300 1668.9 0.0169733
0.5 4250 300 1658.55 0.0144867
0.25 4250 300 1650.7 0.00518117
1 4250 400 1692.82 0.0464172
0.707107 4250 400 1670.71 0.0195374
0.5 4250 400 1659.46 0.0123678
0.25 4250 400 1650.94 0.00552958
1 4250 600 1700.12 0.0149516
0.707107 4250 600 1674.39 0.0263112
0.5 4250 600 1661.3 0.0151711
0.25 4250 600 1651.39 0.00413023
1 4500 175 1780.45 0.0236037
0.707107 4500 175 1762.95 0.0186438
0.5 4500 175 1754.08 0.00769027
0.25 4500 175 1747.29 0.00337761
1 4500 200 1780.96 0.0302055
0.707107 4500 200 1763.24 0.0169057
0.5 4500 200 1754.21 0.00549189
0.25 4500 200 1747.33 0.00324319
1 4500 225 1781.6 0.0385751
0.707107 4500 225 1763.57 0.0207441
0.5 4500 225 1754.33 0.00693842
0.25 4500 225 1747.38 0.00367247
1 4500 250 1782.18 0.0198729
0.707107 4500 250 1763.85 0.0225174
0.5 4500 250 1754.52 0.0138493
0.25 4500 250 1747.4 0.00320863
1 4500 300 1783.7 0.0413988
0.707107 4500 300 1764.59 0.0179929
0.5 4500 300 1754.9 0.0108125
0.25 4500 300 1747.49 0.00308557
1 4500 400 1787.15 0.0207642
0.707107 4500 400 1766.35 0.00825222
0.5 4500 400 1755.78 0.00695184
0.25 4500 400 1747.73 0.00299102
1 4500 450 1789.03 0.0441501
0.707107 4500 450 1767.29 0.0174326
0.5 4500 450 1756.21 0.016137
0.25 4500 450 1747.84 0.0059987
1 4500 500 1790.84 0.0557195
0.707107 4500 500 1768.21 0.0231411
0.5 4500 500 1756.64 0.0153274
0.25 4500 500 1747.96 0.000961909
1 4500 550 1792.51 0.0352488
0.707107 4500 550 1769.02 0.0257486
0.5 4500 550 1757.11 0.0138139
0.25 4500 550 1748.08 0.00459092
1 4500 600 1794.15 0.0266412
0.707107 4500 600 1769.91 0.0266243
0.5 4500 600 1757.52 0.0173668
0.25 4500 600 0 nan
1 4500 800 1800.39 0.041563
0.707107 4500 800 1772.92 0.0185645
0.5 4500 800 1759.08 0.015655
0.25 4500 800 1748.54 0.00630093
1 4750 200 1875.9 0.0297811
0.707107 4750 200 1859.11 0.01569
0.5 4750 200 1850.61 0.00864743
0.25 4750 200 1844.12 0.00479365
1 4750 250 1877.1 0.064087
0.707107 4750 250 1859.74 0.0136758
0.5 4750 250 1850.91 0.00758838
0.25 4750 250 1844.2 0.00728159
1 4750 300 1878.6 0.0250773
0.707107 4750 300 1860.46 0.0185271
0.5 4750 300 1851.25 0.0128509
0.25 4750 300 1844.29 0.00334703
1 4750 400 1881.95 0.0206437
0.707107 4750 400 1862.14 0.0260528
0.5 4750 400 1852.09 0.00927173
0.25 4750 400 1844.49 0.00553577
1 4750 600 0 nan
0.707107 4750 600 1865.5 0.021848
0.5 4750 600 1853.79 0.0120967
0.25 4750 600 1844.92 0.0062968
1 5000 200 1970.61 0.134657
0.707107 5000 200 1955.1 0.0156431
0.5 5000 200 1946.85 0.0113597
0.25 5000 200 1940.95 0.00486307
1 5000 225 1971.58 0.0325075
0.707107 5000 225 0 nan
0.5 5000 225 1947.2 0.0113334
0.25 5000 225 1940.99 0.00321462
1 5000 250 1972.22 0.0235881
0.707107 5000 250 1955.7 0.0137811
0.5 5000 250 1947.34 0.011243
0.25 5000 250 1941.02 0.00358593
1 5000 300 1973.68 0.0347385
0.707107 5000 300 1956.44 0.0197497
0.5 5000 300 1947.69 0.00968066
0.25 5000 300 0 nan
1 5000 400 1976.92 0.0347977
0.707107 5000 400 1958.06 0.0234354
0.5 5000 400 1948.52 0.00952992
0.25 5000 400 1941.31 0.00314297
1 5000 450 1978.59 0.0484995
0.707107 5000 450 1958.89 0.0183891
0.5 5000 450 1948.91 0.0067293
0.25 5000 450 1941.42 0.00233783
1 5000 500 1980.24 0.0276081
0.707107 5000 500 1959.72 0.0210268
0.5 5000 500 1949.34 0.0103171
0.25 5000 500 1941.52 nan
1 5000 550 1981.91 0.0262584
0.707107 5000 550 1960.5 0.0261659
0.5 5000 550 1949.74 0.0124106
0.25 5000 550 1941.62 0.00150206
1 5000 600 1983.37 0.0377181
0.707107 5000 600 1961.25 0.0222757
0.5 5000 600 1950.15 0.0117551
0.25 5000 600 1941.72 0.00400087
1 5000 700 1986.33 0.0482759
0.707107 5000 700 1962.72 0.0231605
0.5 5000 700 1950.84 0.0161555
0.25 5000 700 1941.89 0.00464904
1 5000 800 1989.04 0.0364073
0.707107 5000 800 1964.14 0.0223732
0.5 5000 800 0 nan
0.25 5000 800 1942.07 0.00531682
1 500 100 392.147 0.127472
0.707107 500 100 310.656 0.0599459
0.5 500 100 259.269 0.0332603
0.25 500 100 212.162 0.0210161
1 500 10 414.202 0.145871
0.707107 500 10 331.65 0.14011
0.5 500 10 276.022 0.0624885
0.25 500 10 218.842 0.0213956
1 500 125 403.62 0.110844
0.707107 500 125 316.758 0.0861704
0.5 500 125 262.491 0.0358606
0.25 500 125 213.036 0.03289
1 500 150 413.73 0.0944429
0.707107 500 150 322.659 0.077759
0.5 500 150 265.738 0.0370822
0.25 500 150 213.931 0.0177994
1 500 15 413.356 0.287782
0.707107 500 15 331.216 0.108491
0.5 500 15 275.599 0.0930262
0.25 500 15 218.554 0.0325728
1 500 175 422.479 0.124347
0.707107 500 175 327.559 0.0422614
0.5 500 175 268.69 0.0523712
0.25 500 175 214.786 0.0177621
1 500 200 430.087 0.114882
0.707107 500 200 332.619 0.0881199
0.5 500 200 271.345 0.0587358
0.25 500 200 215.581 0.0266337
1 500 20 415.711 0.0935506
0.707107 500 20 331.884 0.0701363
0.5 500 20 275.693 0.0633615
0.25 500 20 218.637 0.0298024
1 500 225 432.627 0.354787
0.707107 500 225 336.415 0.197585
0.5 500 225 273.771 0.0615207
0.25 500 225 216.296 0.0335474
1 500 250 433.275 0.16841
0.707107 500 250 336.461 0.360983
0.5 500 250 274.496 0.046286
0.25 500 250 216.529 0.0251386
1 500 300 444.974 0.147182
0.707107 500 300 342.748 0.0870102
0.5 500 300 277.988 0.0663035
0.25 500 300 217.758 nan
1 500 30 406.643 0.110288
0.707107 500 30 325.907 0.0964993
0.5 500 30 271.543 0.0606479
0.25 500 30 217.129 0.0264382
1 500 350 456.461 0.183015
0.707107 500 350 350.607 0.0810742
0.5 500 350 283.07 0.0755893
0.25 500 350 219.426 0.0197746
1 500 400 467.729 0.192659
0.707107 500 400 358.385 0.0984389
0.5 500 400 288.002 0.0902043
0.25 500 400 221.083 0.0272555
1 500 450 478.433 0.190067
0.707107 500 450 365.858 0.127763
0.5 500 450 292.773 0.0731689
0.25 500 450 222.694 0.0244792
1 500 500 488.736 0.207844
0.707107 500 500 373.037 0.125738
0.5 500 500 297.392 0.088126
0.25 500 500 224.219 nan
1 500 50 388.092 0.114226
0.707107 500 50 313.877 0.0914274
0.5 500 50 263.74 0.0808209
0.25 500 50 214.362 0.0295356
1 500 550 498.42 0.191781
0.707107 500 550 379.928 0.154804
0.5 500 550 301.867 0.106707
0.25 500 550 225.747 0.017255
1 500 600 507.652 0.231109
0.707107 500 600 386.38 0.15341
0.5 500 600 306.089 0.109706
0.25 500 600 227.228 0.0356371
1 500 60 383.646 0.0878334
0.707107 500 60 309.225 0.0711547
0.5 500 60 260.109 0.0557068
0.25 500 60 212.935 0.0271984
1 500 700 524.422 0.15666
0.707107 500 700 398.072 0.16144
0.5 500 700 313.745 0.100569
0.25 500 700 229.925 0.0294225
1 500 75 383.254 0.0577102
0.707107 500 75 307.08 0.0692889
0.5 500 75 257.969 0.0323494
0.25 500 75 212.025 0.0157378
1 500 800 538.761 0.154461
0.707107 500 800 408.074 0.127967
0.5 500 800 320.482 0.0349405
0.25 500 800 232.277 0.0376951
1 5250 200 2065.12 0.0297385
0.707107 5250 200 2050.66 0.0398072
0.5 5250 200 2043.32 0.00749659
0.25 5250 200 2037.72 0.0032187
1 5250 225 2066.66 0.0266444
0.707107 5250 225 2051.39 0.0163672
0.5 5250 225 2043.66 0.00781044
0.25 5250 225 2037.81 0.0026685
1 5250 250 2067.25 nan
0.707107 5250 250 2051.72 0.0124962
0.5 5250 250 2043.81 0.00821791
0.25 5250 250 2037.85 0.00407947
1 5250 300 2068.62 0.0175379
0.707107 5250 300 2052.37 0.0192591
0.5 5250 300 2044.14 0.00693299
0.25 5250 300 2037.94 0.00382469
1 5250 400 2071.65 0.0247844
0.707107 5250 400 2053.95 0.0182304
0.5 5250 400 2044.96 0.00921891
0.25 5250 400 2038.13 0.00856048
1 5250 600 2077.82 0.0115962
0.707107 5250 600 2057.04 0.022391
0.5 5250 600 2046.5 0.00970764
0.25 5250 600 2038.51 0.00359269
1 5500 250 2162.64 0.0229418
0.707107 5500 250 2147.84 0.00872321
0.5 5500 250 2140.36 0.00929073
0.25 5500 250 2134.69 0.00524578
1 5500 300 2163.99 0.0226098
0.707107 5500 300 2148.55 0.0152913
0.5 5500 300 2140.69 0.0178939
0.25 5500 300 2134.78 0.00218781
1 5500 400 2167.04 0.0268814
0.707107 5500 400 2150.02 0.0111587
0.5 5500 400 2141.43 0.00814445
0.25 5500 400 0 nan
1 5500 450 2168.58 0.0271685
0.707107 5500 450 2150.81 0.0141053
0.5 5500 450 2141.83 0.00790866
0.25 5500 450 2135.07 0.00396827
1 5500 550 2171.63 nan
0.707107 5500 550 2152.34 0.0137383
0.5 5500 550 2142.59 0.00684094
0.25 5500 550 2135.25 0.00323727
1 5500 600 2172.94 0.0271511
0.707107 5500 600 2153.03 0.0193002
0.5 5500 600 2142.95 0.0117509
0.25 5500 600 2135.34 0.00524029
1 5500 700 2175.59 0.0246013
0.707107 5500 700 2154.35 0.0131024
0.5 5500 700 2143.63 0.0125574
0.25 5500 700 2135.51 0.00497343
1 5500 800 2178.2 0.0431816
0.707107 5500 800 2155.68 0.0283995
0.5 5500 800 2144.25 0.0102005
0.25 5500 800 2135.67 0.00580342
1 600 10 439.47 0.168874
0.707107 600 10 359.22 0.131217
0.5 600 10 306.236 0.0927879
0.25 600 10 254.105 0.0259958
1 600 20 438.886 0.229288
0.707107 600 20 359.244 0.0951941
0.5 600 20 306.01 0.0500284
0.25 600 20 254.409 0.0487952
1 625 100 416.867 0.090961
0.707107 625 100 342.257 0.0737979
0.5 625 100 297 0.0386716
0.25 625 100 257.205 0.0125058
1 625 50 415.302 0.152024
0.707107 625 50 346.041 0.0880602
0.5 625 50 301.217 0.0871747
0.25 625 50 259.041 0.0425573
1 700 10 465.16 0.208573
0.707107 700 10 388.211 0.156591
0.5 700 10 337.886 0.0737512
0.25 700 10 290.278 0.0297686
1 750 100 445.809 0.104927
0.707107 750 100 377.871 0.0663867
0.5 750 100 337.576 0.0317755
0.25 750 100 303.331 0.0140922
1 750 10 478.82 0.186723
0.707107 750 10 402.921 0.11616
0.5 750 10 354.04 0.0824764
0.25 750 10 308.521 0.0173274
1 750 125 454.457 0.127727
0.707107 750 125 382.171 0.0580858
0.5 750 125 339.793 0.0234837
0.25 750 125 303.882 0.00898416
1 750 150 462.599 0.11051
0.707107 750 150 386.618 0.0398629
0.5 750 150 342.156 0.0284984
0.25 750 150 304.511 0.0129941
1 750 15 477.279 0.160653
0.707107 750 15 402.142 0.192377
0.5 750 15 353.777 0.0827296
0.25 750 15 308.498 0.0342191
1 750 200 476.768 0.135663
0.707107 750 200 394.418 0.0363882
0.5 750 200 346.435 0.0376666
0.25 750 200 305.615 nan
1 750 20 479.786 0.258995
0.707107 750 20 404.303 0.101411
0.5 750 20 354.959 0.0663653
0.25 750 20 308.838 0.0285829
1 750 250 480.863 0.171967
0.707107 750 250 397.166 0.101759
0.5 750 250 348.061 0.0664805
0.25 750 250 306.205 0.0468896
1 750 300 490.956 0.0965213
0.707107 750 300 403.136 0.0753984
0.5 750 300 351.367 0.037721
0.25 750 300 307.046 0.0104587
1 750 30 469.468 0.278168
0.707107 750 30 396.37 0.11963
0.5 750 30 350.272 0.0496161
0.25 750 30 307.524 0.0355722
1 750 400 511.517 0.169177
0.707107 750 400 415.948 0.0842924
0.5 750 400 358.845 0.0605792
0.25 750 400 309.185 0.0145262
1 750 50 446.957 0.130096
0.707107 750 50 382.584 0.0797054
0.5 750 50 341.795 0.0708893
1 750 600 549.636 0.177304
0.707107 750 600 440.607 0.0527763
0.5 750 600 373.565 0.0706684
0.25 750 600 313.544 nan
1 750 75 440.263 0.0710095
0.707107 750 75 375.745 0.0474797
0.5 750 75 336.992 0.031464
0.25 750 75 303.278 0.0126009
1 800 10 492.551 0.214456
0.707107 800 10 418.26 0.0780102
0.5 800 10 370.517 0.0763993
0.25 800 10 326.95 0.0127869
1 875 100 478.411 0.0838413
0.707107 875 100 416.036 0.050294
0.5 875 100 380.13 0.0341788
0.25 875 100 350.089 0.00477486
1 875 250 510.295 0.149603
0.707107 875 250 433.241 0.100712
0.5 875 250 389.288 0.069722
0.25 875 250 352.478 0.0186404
1 875 400 539.234 0.175774
0.707107 875 400 450.254 0.0802869
0.5 875 400 398.63 0.058555
0.25 875 400 355.035 0.00869855
1 875 50 482.019 0.143597
0.707107 875 50 421.793 0.132709
0.5 875 50 384.507 0.0747175
0.25 875 50 351.68 0.0376664
1 875 600 575.389 0.278404
0.707107 875 600 473.016 0.099307
0.5 875 600 411.85 0.0635216
0.25 875 600 358.809 0.0221236
1 900 10 520.303 0.192959
0.707107 900 10 448.866 0.0833557
0.5 900 10 404.083 0.0559198
0.25 900 10 363.992 0.0198279
1 900 20 520.753 0.45464
0.707107 900 20 449.76 0.183738
0.5 900 20 403.378 0.12358
0.25 900 20 363.854 0.0301562
1 900 30 511.397 0.217344
0.707107 900 30 445.297 0.524255
0.5 900 30 403.253 0.104508
0.25 900 30 363.778 0.02826
