# P[GPa] T[K] lx[A] ly[A] lz[A]
100 1000 1.87909523e+01 -nan 1.68400380e+01 -nan 1.56603332e+01 -nan
110 1000 1.87220706e+01 -nan 1.67783077e+01 -nan 1.56029274e+01 -nan
125 1000 1.85102999e+01 -nan 1.65885235e+01 -nan 1.54264382e+01 -nan
150 1000 1.82132789e+01 4.37587526e-04 1.63223398e+01 3.92156382e-04 1.51789017e+01 3.64684387e-04
175 1000 1.79918330e+01 2.70897562e-03 1.61238849e+01 2.42772533e-03 1.49943492e+01 2.25765496e-03
200 1000 1.77752549e+01 6.44367149e-03 1.59297923e+01 5.77467744e-03 1.48138535e+01 5.37013979e-03
20 1000 2.20753500e+01 2.09833974e-03 1.97834429e+01 1.88048567e-03 1.83975421e+01 1.74875011e-03
225 1000 1.75448842e+01 1.27185144e-03 1.57233391e+01 1.13980527e-03 1.46218631e+01 1.05995816e-03
250 1000 1.73583068e+01 4.19863580e-04 1.55561326e+01 3.76272160e-04 1.44663700e+01 3.49913276e-04
275 1000 1.71974252e+01 5.95196188e-04 1.54119540e+01 5.33401563e-04 1.43322917e+01 4.96034547e-04
300 1000 1.70511797e+01 4.80148150e-04 1.52808920e+01 4.30298269e-04 1.42104110e+01 4.00154150e-04
30 1000 2.13381832e+01 1.57017645e-03 1.91228103e+01 1.40715737e-03 1.77831892e+01 1.30858027e-03
350 1000 1.67825871e+01 3.61321856e-04 1.50401853e+01 3.23808892e-04 1.39865666e+01 3.01124753e-04
400 1000 1.65453437e+01 2.63598554e-04 1.48275730e+01 2.36231349e-04 1.37888486e+01 2.19682234e-04
40 1000 2.07703733e+01 1.71010766e-03 1.86139515e+01 1.53256088e-03 1.73099777e+01 1.42519879e-03
500 1000 1.61561907e+01 -nan 1.44788226e+01 -nan 1.34645294e+01 -nan
50 1000 2.01335064e+01 1.47654365e-03 1.80432054e+01 1.32324617e-03 1.67792145e+01 1.23054795e-03
600 1000 1.58430748e+01 -nan 1.41982150e+01 -nan 1.32035793e+01 -nan
60 1000 1.98294805e+01 9.99957091e-04 1.77707441e+01 8.96138784e-04 1.65258400e+01 8.33361793e-04
75 1000 1.93923561e+01 1.38579618e-03 1.73790028e+01 1.24192067e-03 1.61615417e+01 1.15492017e-03
800 1000 1.53414789e+01 -nan 1.37486958e+01 -nan 1.27855506e+01 -nan
90 1000 1.89760970e+01 -nan 1.70059606e+01 -nan 1.58146324e+01 -nan
100 1125 1.89082738e+01 1.47535503e-04 1.69451789e+01 1.32220049e-04 1.57581086e+01 1.22959524e-04
110 1125 1.87498434e+01 1.44182627e-03 1.68031971e+01 1.29213335e-03 1.56260732e+01 1.20161473e-03
125 1125 1.85341133e+01 -nan 1.66098645e+01 -nan 1.54462842e+01 -nan
150 1125 1.82489590e+01 -nan 1.63543155e+01 -nan 1.52086373e+01 -nan
175 1125 1.80209036e+01 3.46233900e-04 1.61499373e+01 3.10287221e-04 1.50185766e+01 2.88550644e-04
200 1125 1.77598160e+01 6.82510188e-04 1.59159563e+01 6.11649972e-04 1.48009867e+01 5.68803360e-04
20 1125 2.22205669e+01 8.43930987e-03 1.99135831e+01 7.56312527e-03 1.85185656e+01 7.03330003e-03
225 1125 1.75753612e+01 1.45927361e-03 1.57506520e+01 1.30776915e-03 1.46472626e+01 1.21615549e-03
250 1125 1.73794793e+01 4.58869577e-04 1.55751069e+01 4.11228740e-04 1.44840151e+01 3.82420453e-04
275 1125 1.72116047e+01 4.65680437e-04 1.54246614e+01 4.17332666e-04 1.43441088e+01 3.88096781e-04
300 1125 1.70589066e+01 4.17000162e-04 1.52878167e+01 3.73706596e-04 1.42168506e+01 3.47526974e-04
30 1125 2.13829664e+01 1.66224071e-03 1.91629440e+01 1.48966261e-03 1.78205114e+01 1.38530693e-03
350 1125 1.67864266e+01 4.78122035e-04 1.50436262e+01 4.28482281e-04 1.39897665e+01 3.98465649e-04
400 1125 1.65512129e+01 4.38969832e-04 1.48328328e+01 3.93395218e-04 1.37937399e+01 3.65836747e-04
40 1125 2.08153561e+01 1.45719164e-03 1.86542641e+01 1.30590229e-03 1.73474664e+01 1.21441930e-03
500 1125 1.61627806e+01 1.82028430e-04 1.44847283e+01 1.63130949e-04 1.34700214e+01 1.51703054e-04
50 1125 2.03754569e+01 5.98277966e-03 1.82600361e+01 5.36163487e-03 1.69808554e+01 4.98603387e-03
600 1125 1.58487637e+01 -nan 1.42033133e+01 -nan 1.32083205e+01 -nan
60 1125 1.98486833e+01 7.25781032e-03 1.77879532e+01 6.50429044e-03 1.65418436e+01 6.04864004e-03
75 1125 1.94143047e+01 7.59221470e-04 1.73986727e+01 6.80397294e-04 1.61798335e+01 6.32733383e-04
800 1125 1.53434863e+01 -nan 1.37504948e+01 -nan 1.27872236e+01 -nan
90 1125 1.90798847e+01 4.34468569e-04 1.70989728e+01 3.89360884e-04 1.59011288e+01 3.62085202e-04
100 1250 1.89323850e+01 2.15089961e-03 1.69667868e+01 1.92758906e-03 1.57782028e+01 1.79255585e-03
110 1250 1.86994901e+01 -nan 1.67580715e+01 -nan 1.55841088e+01 -nan
125 1250 1.85031516e+01 -nan 1.65821173e+01 -nan 1.54204808e+01 -nan
150 1250 1.82694685e+01 -nan 1.63726956e+01 -nan 1.52257299e+01 -nan
175 1250 1.80324507e+01 -nan 1.61602855e+01 -nan 1.50281999e+01 -nan
200 1250 1.77842070e+01 1.12862375e-03 1.59378149e+01 1.01144663e-03 1.48213141e+01 9.40591127e-04
20 1250 2.23540141e+01 1.28192221e-03 2.00331755e+01 1.14883155e-03 1.86297801e+01 1.06835114e-03
225 1250 1.75775348e+01 4.07633841e-04 1.57525998e+01 3.65310050e-04 1.46490740e+01 3.39718807e-04
250 1250 1.73892903e+01 2.60819703e-04 1.55838993e+01 2.33741448e-04 1.44921916e+01 2.17366620e-04
275 1250 1.72208077e+01 2.90109676e-04 1.54329089e+01 2.59989914e-04 1.43517786e+01 2.41777109e-04
300 1250 1.70683024e+01 3.25214077e-04 1.52962370e+01 2.91449571e-04 1.42246810e+01 2.71032853e-04
30 1250 2.14319398e+01 1.27179031e-03 1.92068328e+01 1.13975119e-03 1.78613256e+01 1.05990686e-03
350 1250 1.67962697e+01 3.29528651e-04 1.50524473e+01 2.95316089e-04 1.39979697e+01 2.74627970e-04
400 1250 1.65600830e+01 3.84588605e-04 1.48407819e+01 3.44659995e-04 1.38011322e+01 3.20514985e-04
40 1250 2.08559428e+01 1.35583567e-03 1.86906370e+01 1.21507043e-03 1.73812912e+01 1.12995106e-03
500 1250 1.61690633e+01 3.04599033e-04 1.44903587e+01 2.72975461e-04 1.34752574e+01 2.53852151e-04
50 1250 2.04233150e+01 1.41015922e-03 1.83029255e+01 1.26375378e-03 1.70207403e+01 1.17522313e-03
600 1250 1.58525959e+01 5.79178186e-05 1.42067476e+01 5.19036536e-05 1.32115142e+01 4.82694338e-05
60 1250 1.99852569e+01 1.54892642e-02 1.79103475e+01 1.38811380e-02 1.66556637e+01 1.29087128e-02
75 1250 1.94252473e+01 9.73133019e-04 1.74084792e+01 8.72100333e-04 1.61889531e+01 8.11006324e-04
800 1250 1.53445690e+01 -nan 1.37514651e+01 -nan 1.27881259e+01 -nan
90 1250 1.91197077e+01 7.51577428e-04 1.71346613e+01 6.73546407e-04 1.59343172e+01 6.26362178e-04
100 1375 1.89478089e+01 8.11266429e-04 1.69806094e+01 7.27038973e-04 1.57910571e+01 6.76107892e-04
110 1375 1.87833911e+01 5.39150923e-04 1.68332618e+01 4.83175132e-04 1.56540317e+01 4.49326702e-04
125 1375 1.85267681e+01 -nan 1.66032819e+01 -nan 1.54401627e+01 -nan
150 1375 1.82436432e+01 -nan 1.63495516e+01 -nan 1.52042072e+01 -nan
175 1375 1.80415963e+01 -nan 1.61684816e+01 -nan 1.50358217e+01 -nan
200 1375 1.78107991e+01 5.32712646e-04 1.59616462e+01 4.77406253e-04 1.48434759e+01 4.43962828e-04
20 1375 2.24121174e+01 1.04993631e-03 2.00852465e+01 9.40929052e-04 1.86782033e+01 8.75014319e-04
225 1375 1.76104959e+01 2.16066566e-03 1.57821389e+01 1.93634163e-03 1.46765438e+01 1.80069345e-03
250 1375 1.73986776e+01 -nan 1.55923121e+01 -nan 1.45000149e+01 -nan
275 1375 1.72303710e+01 -nan 1.54414794e+01 -nan 1.43597486e+01 -nan
300 1375 1.70953757e+01 2.09261656e-04 1.53204995e+01 1.87535696e-04 1.42472438e+01 1.74398675e-04
30 1375 2.14756014e+01 1.52310293e-03 1.92459614e+01 1.36497205e-03 1.78977132e+01 1.26934898e-03
350 1375 1.68039285e+01 1.64078435e-04 1.50593110e+01 1.47043473e-04 1.40043525e+01 1.36742518e-04
400 1375 1.65671663e+01 2.82021115e-04 1.48471299e+01 2.52740593e-04 1.38070354e+01 2.35035373e-04
40 1375 2.08937209e+01 1.23412111e-03 1.87244929e+01 1.10599076e-03 1.74127754e+01 1.02851196e-03
500 1375 1.61945143e+01 3.60610403e-04 1.45131673e+01 3.23171523e-04 1.34964682e+01 3.00531742e-04
50 1375 2.04493198e+01 1.28181478e-03 1.83262304e+01 1.14873370e-03 1.70424126e+01 1.06825977e-03
600 1375 1.58562772e+01 2.75926268e-04 1.42100468e+01 2.47279253e-04 1.32145823e+01 2.29956302e-04
60 1375 2.01144106e+01 1.26794154e-03 1.80260922e+01 1.13630225e-03 1.67633001e+01 1.05670018e-03
75 1375 1.94841716e+01 1.25432620e-03 1.74612858e+01 1.12409922e-03 1.62380605e+01 1.04535239e-03
800 1375 1.53451244e+01 1.64259981e-04 1.37519629e+01 1.47206024e-04 1.27885888e+01 1.36893532e-04
90 1375 1.91309266e+01 9.01315379e-04 1.71447155e+01 8.07739316e-04 1.59436670e+01 7.51154792e-04
100 1500 1.89175550e+01 8.64268511e-04 1.69534965e+01 7.74538797e-04 1.57658436e+01 7.20279361e-04
110 1500 1.88222711e+01 1.47533803e-03 1.68681052e+01 1.32216464e-03 1.56864342e+01 1.22954332e-03
125 1500 1.85510329e+01 3.00890474e-04 1.66250275e+01 2.69650799e-04 1.54603850e+01 2.50759269e-04
150 1500 1.83017236e+01 -nan 1.64016019e+01 -nan 1.52526112e+01 -nan
175 1500 1.80510611e+01 2.34690965e-04 1.61769637e+01 2.10325008e-04 1.50437097e+01 1.95589942e-04
200 1500 1.77912092e+01 -nan 1.59440902e+01 -nan 1.48271498e+01 -nan
20 1500 2.24765037e+01 4.58800678e-04 2.01429480e+01 4.11166726e-04 1.87318626e+01 3.82363331e-04
225 1500 1.75938134e+01 -nan 1.57671884e+01 -nan 1.46626406e+01 -nan
250 1500 1.74346336e+01 3.65911835e-04 1.56245350e+01 3.27923660e-04 1.45299806e+01 3.04950284e-04
275 1500 1.72401225e+01 -nan 1.54502184e+01 -nan 1.43678755e+01 -nan
300 1500 1.71032452e+01 -nan 1.53275520e+01 -nan 1.42538023e+01 -nan
30 1500 2.15267933e+01 1.61998692e-03 1.92918385e+01 1.45179573e-03 1.79403763e+01 1.35009227e-03
350 1500 1.68109943e+01 -nan 1.50656432e+01 -nan 1.40102411e+01 -nan
400 1500 1.65735729e+01 -nan 1.48528713e+01 -nan 1.38123747e+01 -nan
40 1500 2.09304096e+01 1.14401248e-03 1.87573725e+01 1.02523869e-03 1.74433516e+01 9.53416810e-04
500 1500 1.61787122e+01 3.01230481e-04 1.44990058e+01 2.69956239e-04 1.34832987e+01 2.51045048e-04
50 1500 2.04765569e+01 1.16434144e-03 1.83506397e+01 1.04345843e-03 1.70651119e+01 9.70359646e-04
600 1500 1.58586467e+01 3.59634224e-04 1.42121702e+01 3.22296518e-04 1.32165569e+01 2.99718308e-04
60 1500 2.01312091e+01 1.21505588e-03 1.80411466e+01 1.08890682e-03 1.67772999e+01 1.01262408e-03
75 1500 1.96555615e+01 1.21094185e-02 1.76148817e+01 1.08521942e-02 1.63808964e+01 1.00919593e-02
800 1500 1.53438878e+01 3.07023636e-04 1.37508546e+01 2.75147929e-04 1.27875582e+01 2.55873122e-04
90 1500 1.91819904e+01 1.07776970e-03 1.71904777e+01 9.65874545e-04 1.59862234e+01 8.98210806e-04
100 1625 1.90209493e+01 1.19042952e-03 1.70461562e+01 1.06683695e-03 1.58520121e+01 9.92100947e-04
110 1625 1.88504485e+01 1.47586395e-03 1.68933571e+01 1.32263580e-03 1.57099172e+01 1.22998131e-03
125 1625 1.86235659e+01 7.39973765e-04 1.66900299e+01 6.63147984e-04 1.55208338e+01 6.16692342e-04
150 1625 1.83128099e+01 4.44658002e-05 1.64115373e+01 3.98422728e-05 1.52618505e+01 3.70480061e-05
175 1625 1.80669059e+01 -nan 1.61911635e+01 -nan 1.50569147e+01 -nan
200 1625 1.78483985e+01 1.08355315e-03 1.59953420e+01 9.71055885e-04 1.48748112e+01 9.03030076e-04
20 1625 2.25298150e+01 4.68787492e-04 2.01907245e+01 4.20112268e-04 1.87762922e+01 3.90686170e-04
225 1625 1.76217412e+01 -nan 1.57922167e+01 -nan 1.46859156e+01 -nan
250 1625 1.74175867e+01 -nan 1.56092579e+01 -nan 1.45157737e+01 -nan
275 1625 1.72499866e+01 -nan 1.54590584e+01 -nan 1.43760962e+01 -nan
300 1625 1.71190018e+01 -nan 1.53416727e+01 -nan 1.42669338e+01 -nan
30 1625 2.15715423e+01 1.12962954e-03 1.93319416e+01 1.01234921e-03 1.79776701e+01 9.41430330e-04
350 1625 1.68189051e+01 -nan 1.50727327e+01 -nan 1.40168340e+01 -nan
400 1625 1.65960713e+01 -nan 1.48730339e+01 -nan 1.38311248e+01 -nan
40 1625 2.09642333e+01 1.17171995e-03 1.87876846e+01 1.05006968e-03 1.74715402e+01 9.76506287e-04
500 1625 1.61826754e+01 2.10191322e-04 1.45025576e+01 1.88368360e-04 1.34866017e+01 1.75172339e-04
50 1625 2.05039462e+01 9.79888773e-04 1.83751854e+01 8.78158080e-04 1.70879381e+01 8.16638780e-04
600 1625 1.58605572e+01 3.52869787e-04 1.42138824e+01 3.16234796e-04 1.32181492e+01 2.94081043e-04
60 1625 2.01489076e+01 1.16256088e-03 1.80570077e+01 1.04186117e-03 1.67920498e+01 9.68875289e-04
75 1625 1.97336045e+01 1.16163692e-03 1.76848221e+01 1.04103321e-03 1.64459372e+01 9.68104813e-04
800 1625 1.53419706e+01 3.82207027e-04 1.37491365e+01 3.42525316e-04 1.27859604e+01 3.18529937e-04
90 1625 1.92292533e+01 4.33875130e-03 1.72328337e+01 3.88829380e-03 1.60256122e+01 3.61590443e-03
100 1750 1.90831803e+01 6.48788252e-03 1.71019263e+01 5.81429722e-03 1.59038753e+01 5.40698584e-03
110 1750 1.88798433e+01 1.21041975e-03 1.69197001e+01 1.08475247e-03 1.57344147e+01 1.00876078e-03
125 1750 1.86498087e+01 8.64520253e-04 1.67135482e+01 7.74764024e-04 1.55427045e+01 7.20489476e-04
150 1750 1.83377511e+01 3.94918472e-04 1.64338890e+01 3.53917464e-04 1.52826364e+01 3.29124347e-04
175 1750 1.80643185e+01 -nan 1.61888448e+01 -nan 1.50547584e+01 -nan
200 1750 1.78411395e+01 4.56769187e-04 1.59888366e+01 4.09346490e-04 1.48687616e+01 3.80671255e-04
20 1750 2.25904773e+01 1.18186670e-03 2.02450887e+01 1.05916108e-03 1.88268480e+01 9.84963874e-04
225 1750 1.76288561e+01 3.43039066e-04 1.57985929e+01 3.07421050e-04 1.46918451e+01 2.85886909e-04
250 1750 1.74481829e+01 -nan 1.56366776e+01 -nan 1.45412725e+01 -nan
275 1750 1.72600488e+01 -nan 1.54680759e+01 -nan 1.43844820e+01 -nan
300 1750 1.71045603e+01 -nan 1.53287306e+01 -nan 1.42548983e+01 -nan
30 1750 2.17143913e+01 9.29235235e-03 1.94599597e+01 8.32760228e-03 1.80967201e+01 7.74422422e-03
350 1750 1.68408492e+01 -nan 1.50923985e+01 -nan 1.40351221e+01 -nan
400 1750 1.65854244e+01 -nan 1.48634924e+01 -nan 1.38222517e+01 -nan
40 1750 2.09994544e+01 7.64398325e-04 1.88192489e+01 6.85034458e-04 1.75008933e+01 6.37045964e-04
500 1750 1.62039088e+01 1.53022925e-04 1.45215865e+01 1.37134339e-04 1.35042976e+01 1.27529344e-04
50 1750 2.05290026e+01 2.79277308e-04 1.83976404e+01 2.50282898e-04 1.71088200e+01 2.32753020e-04
600 1750 1.58598638e+01 2.56185331e-04 1.42132609e+01 2.29587334e-04 1.32175713e+01 2.13504258e-04
60 1750 2.01698142e+01 9.77896715e-04 1.80757436e+01 8.76369216e-04 1.68094733e+01 8.14977861e-04
75 1750 1.97468500e+01 1.07954364e-03 1.76966925e+01 9.67463245e-04 1.64569760e+01 8.99689022e-04
800 1750 1.53385633e+01 4.12988811e-04 1.37460829e+01 3.70110985e-04 1.27831208e+01 3.44183636e-04
90 1750 1.93900493e+01 1.15926320e-03 1.73769355e+01 1.03890643e-03 1.61596192e+01 9.66126783e-04
100 1875 1.91930808e+01 9.76356768e-04 1.72004167e+01 8.74989299e-04 1.59954661e+01 8.13693546e-04
110 1875 1.89953399e+01 1.03861294e-03 1.70232056e+01 9.30782040e-04 1.58306693e+01 8.65577273e-04
125 1875 1.86810909e+01 1.51309692e-03 1.67415826e+01 1.35600434e-03 1.55687750e+01 1.26101159e-03
150 1875 1.83571699e+01 8.79121100e-04 1.64512918e+01 7.87848335e-04 1.52988201e+01 7.32657670e-04
175 1875 1.80792104e+01 2.57941745e-04 1.62021905e+01 2.31162750e-04 1.50671692e+01 2.14967570e-04
200 1875 1.78543909e+01 3.90504330e-04 1.60007123e+01 3.49962542e-04 1.48798053e+01 3.25446471e-04
20 1875 2.26442535e+01 -nan 2.02932817e+01 -nan 1.88716649e+01 -nan
225 1875 1.76367678e+01 4.52072699e-04 1.58056833e+01 4.05138905e-04 1.46984387e+01 3.76755848e-04
250 1875 1.74558718e+01 -nan 1.56435682e+01 -nan 1.45476804e+01 -nan
275 1875 1.72839539e+01 -nan 1.54894992e+01 -nan 1.44044045e+01 -nan
300 1875 1.71266041e+01 -nan 1.53484857e+01 -nan 1.42732695e+01 -nan
30 1875 2.18114466e+01 -nan 1.95469385e+01 -nan 1.81776057e+01 -nan
350 1875 1.68469547e+01 -nan 1.50978701e+01 -nan 1.40402104e+01 -nan
400 1875 1.65910225e+01 -nan 1.48685092e+01 -nan 1.38269171e+01 -nan
40 1875 2.10335390e+01 -nan 1.88497948e+01 -nan 1.75292994e+01 -nan
500 1875 1.62033627e+01 -nan 1.45210971e+01 -nan 1.35038424e+01 -nan
50 1875 2.05550165e+01 4.67969668e-04 1.84209535e+01 4.19383285e-04 1.71305000e+01 3.90002461e-04
600 1875 1.58583750e+01 -nan 1.42119267e+01 -nan 1.32163305e+01 -nan
60 1875 2.01893982e+01 7.67929737e-04 1.80932944e+01 6.88202097e-04 1.68257946e+01 6.39991949e-04
75 1875 1.97629826e+01 8.93973515e-04 1.77111502e+01 8.01158906e-04 1.64704209e+01 7.45033531e-04
800 1875 1.53396400e+01 3.28223141e-04 1.37470479e+01 2.94146080e-04 1.27840181e+01 2.73540535e-04
90 1875 1.94065262e+01 1.00580788e-03 1.73917017e+01 9.01383391e-04 1.61733510e+01 8.38237786e-04
100 2000 1.92097481e+01 9.02396465e-04 1.72153536e+01 8.08707060e-04 1.60093566e+01 7.52055053e-04
110 2000 1.90140881e+01 1.02433067e-03 1.70400074e+01 9.17982815e-04 1.58462940e+01 8.53674234e-04
125 2000 1.87507940e+01 1.05196637e-03 1.68040489e+01 9.42749145e-04 1.56268653e+01 8.76706521e-04
150 2000 1.83875837e+01 9.66115631e-04 1.64785479e+01 8.65812069e-04 1.53241668e+01 8.05158517e-04
175 2000 1.80984271e+01 8.85306525e-04 1.62194121e+01 7.93392972e-04 1.50831844e+01 7.37812445e-04
200 2000 1.78552634e+01 9.00847780e-04 1.60014942e+01 8.07319231e-04 1.48805324e+01 7.50764122e-04
20 2000 2.27027686e+01 -nan 2.03457217e+01 -nan 1.89204313e+01 -nan
225 2000 1.76504510e+01 4.14719999e-04 1.58179458e+01 3.71662790e-04 1.47098422e+01 3.45626544e-04
250 2000 1.74629716e+01 -nan 1.56499309e+01 -nan 1.45535974e+01 -nan
275 2000 1.72916439e+01 -nan 1.54963907e+01 -nan 1.44108133e+01 -nan
300 2000 1.71334293e+01 -nan 1.53546023e+01 -nan 1.42789576e+01 -nan
30 2000 2.18443553e+01 -nan 1.95764305e+01 -nan 1.82050317e+01 -nan
350 2000 1.68507575e+01 -nan 1.51012780e+01 -nan 1.40433796e+01 -nan
400 2000 1.66051584e+01 -nan 1.48811775e+01 -nan 1.38386979e+01 -nan
40 2000 2.10703761e+01 2.81998144e-04 1.88828074e+01 2.52712801e-04 1.75599993e+01 2.35011061e-04
500 2000 1.61919980e+01 -nan 1.45109123e+01 -nan 1.34943712e+01 -nan
50 2000 2.05852641e+01 9.71300827e-04 1.84480607e+01 8.70458106e-04 1.71557083e+01 8.09480902e-04
600 2000 1.58630554e+01 -nan 1.42161212e+01 -nan 1.32202312e+01 -nan
60 2000 2.02092285e+01 4.10353416e-04 1.81110659e+01 3.67749296e-04 1.68423211e+01 3.41990479e-04
75 2000 1.97783077e+01 5.93658331e-04 1.77248842e+01 5.32024407e-04 1.64831928e+01 4.94752968e-04
800 2000 1.53437137e+01 2.46874558e-04 1.37506985e+01 2.21243671e-04 1.27874130e+01 2.05744492e-04
90 2000 1.94225122e+01 7.29795309e-04 1.74060280e+01 6.54026708e-04 1.61866736e+01 6.08208755e-04
100 2125 1.92254940e+01 7.03593183e-04 1.72294646e+01 6.30544946e-04 1.60224792e+01 5.86372900e-04
110 2125 1.90306390e+01 9.46880954e-04 1.70548399e+01 8.48574927e-04 1.58600875e+01 7.89129118e-04
125 2125 1.87701864e+01 1.03859633e-03 1.68214280e+01 9.30766845e-04 1.56430269e+01 8.65563669e-04
150 2125 1.84041083e+01 1.05368454e-03 1.64933569e+01 9.44288483e-04 1.53379384e+01 8.78138573e-04
175 2125 1.81140099e+01 8.76394361e-04 1.62333771e+01 7.85405437e-04 1.50961711e+01 7.30385273e-04
200 2125 1.78725446e+01 7.42693421e-04 1.60169812e+01 6.65585629e-04 1.48949345e+01 6.18958868e-04
20 2125 2.27498596e+01 1.18982156e-03 2.03879235e+01 1.06629208e-03 1.89596767e+01 9.91596810e-04
225 2125 1.76637247e+01 6.11825304e-04 1.58298414e+01 5.48304794e-04 1.47209045e+01 5.09894211e-04
250 2125 1.74750121e+01 4.08009891e-04 1.56607213e+01 3.65649767e-04 1.45636319e+01 3.40033425e-04
275 2125 1.73019685e+01 2.48135179e-04 1.55056434e+01 2.22374393e-04 1.44194178e+01 2.06795224e-04
300 2125 1.71425240e+01 -nan 1.53627528e+01 -nan 1.42865371e+01 -nan
30 2125 2.18745221e+01 -nan 1.96034653e+01 -nan 1.82301726e+01 -nan
350 2125 1.68563023e+01 -nan 1.51062472e+01 -nan 1.40480007e+01 -nan
400 2125 1.66080746e+01 -nan 1.48837910e+01 -nan 1.38411283e+01 -nan
40 2125 2.12788898e+01 -nan 1.90696728e+01 -nan 1.77337742e+01 -nan
500 2125 1.61977357e+01 -nan 1.45160543e+01 -nan 1.34991529e+01 -nan
50 2125 2.06108805e+01 -nan 1.84710176e+01 -nan 1.71770569e+01 -nan
600 2125 1.58684266e+01 -nan 1.42209348e+01 -nan 1.32247075e+01 -nan
60 2125 2.02300118e+01 -nan 1.81296915e+01 -nan 1.68596419e+01 -nan
75 2125 1.97948305e+01 3.03014475e-04 1.77396915e+01 2.71554744e-04 1.64969628e+01 2.52534904e-04
800 2125 1.53482486e+01 -nan 1.37547626e+01 -nan 1.27911924e+01 -nan
90 2125 1.94351959e+01 6.25823794e-04 1.74173949e+01 5.60850730e-04 1.61972442e+01 5.21560229e-04
100 2250 1.92421058e+01 5.87388266e-04 1.72443518e+01 5.26405248e-04 1.60363234e+01 4.89527871e-04
110 2250 1.90481716e+01 7.24937958e-04 1.70705523e+01 6.49673039e-04 1.58746991e+01 6.04161056e-04
125 2250 1.87854011e+01 8.78541408e-04 1.68350631e+01 7.87328955e-04 1.56557069e+01 7.32174711e-04
150 2250 1.84216004e+01 9.74760817e-04 1.65090329e+01 8.73559160e-04 1.53525162e+01 8.12363465e-04
175 2250 1.81288889e+01 9.75358621e-04 1.62467113e+01 8.74094779e-04 1.51085712e+01 8.12861809e-04
200 2250 1.78859590e+01 9.25448070e-04 1.60290029e+01 8.29365880e-04 1.49061140e+01 7.71266027e-04
20 2250 2.28017396e+01 -nan 2.04344173e+01 -nan 1.90029134e+01 -nan
225 2250 1.76754463e+01 7.39719811e-04 1.58403460e+01 6.62919934e-04 1.47306732e+01 6.16480960e-04
250 2250 1.74854030e+01 5.82062833e-04 1.56700334e+01 5.21631107e-04 1.45722916e+01 4.85089782e-04
275 2250 1.73118913e+01 4.36287489e-04 1.55145360e+01 3.90991082e-04 1.44276874e+01 3.63601212e-04
300 2250 1.71516042e+01 2.56999866e-04 1.53708902e+01 2.30319414e-04 1.42941045e+01 2.14183323e-04
30 2250 2.19191528e+01 -nan 1.96434624e+01 -nan 1.82673678e+01 -nan
350 2250 1.68644613e+01 -nan 1.51135591e+01 -nan 1.40548004e+01 -nan
400 2250 1.66151552e+01 -nan 1.48901365e+01 -nan 1.38470293e+01 -nan
40 2250 2.13003847e+01 2.25508668e-03 1.90889361e+01 2.02096100e-03 1.77516880e+01 1.87938450e-03
500 2250 1.62038109e+01 -nan 1.45214988e+01 -nan 1.35042160e+01 -nan
50 2250 2.06420888e+01 -nan 1.84989857e+01 -nan 1.72030658e+01 -nan
600 2250 1.58739600e+01 -nan 1.42258937e+01 -nan 1.32293191e+01 -nan
60 2250 2.02521185e+01 -nan 1.81495029e+01 -nan 1.68780655e+01 -nan
75 2250 1.98108687e+01 -nan 1.77540646e+01 -nan 1.65103290e+01 -nan
800 2250 1.53527373e+01 -nan 1.37587853e+01 -nan 1.27949333e+01 -nan
90 2250 1.94521098e+01 6.37859303e-04 1.74325528e+01 5.71635976e-04 1.62113402e+01 5.31590170e-04
100 2375 1.92573315e+01 1.93439164e-04 1.72579967e+01 1.73359037e-04 1.60490125e+01 1.61209940e-04
110 2375 1.90643168e+01 6.71920109e-04 1.70850212e+01 6.02159017e-04 1.58881545e+01 5.59976076e-04
125 2375 1.88029379e+01 6.61053446e-04 1.68507792e+01 5.92421126e-04 1.56703220e+01 5.50920933e-04
150 2375 1.84370242e+01 1.14230363e-03 1.65228553e+01 1.02370740e-03 1.53653704e+01 9.51992929e-04
175 2375 1.81439687e+01 1.07675496e-03 1.62602255e+01 9.64963547e-04 1.51211387e+01 8.97364854e-04
200 2375 1.78989034e+01 9.17210905e-04 1.60406033e+01 8.21983521e-04 1.49169018e+01 7.64400934e-04
20 2375 2.28481131e+01 1.96658438e-03 2.04759762e+01 1.76240992e-03 1.90415610e+01 1.63894663e-03
225 2375 1.76860194e+01 8.59556131e-04 1.58498214e+01 7.70315228e-04 1.47394848e+01 7.16351966e-04
250 2375 1.74955851e+01 7.23020530e-04 1.56791584e+01 6.47955676e-04 1.45807774e+01 6.02563769e-04
275 2375 1.73214276e+01 6.12004810e-04 1.55230822e+01 5.48465307e-04 1.44356349e+01 5.10043764e-04
300 2375 1.71603913e+01 5.49889568e-04 1.53787651e+01 4.92798923e-04 1.43014277e+01 4.58276591e-04
30 2375 2.19474440e+01 -nan 1.96688163e+01 -nan 1.82909456e+01 -nan
350 2375 1.68724569e+01 2.49238716e-04 1.51207246e+01 2.23361277e-04 1.40614639e+01 2.07714527e-04
400 2375 1.66223003e+01 -nan 1.48965398e+01 -nan 1.38529840e+01 -nan
40 2375 2.13358891e+01 -nan 1.91207543e+01 -nan 1.77812772e+01 -nan
500 2375 1.62102852e+01 -nan 1.45273009e+01 -nan 1.35096117e+01 -nan
50 2375 2.06763964e+01 -nan 1.85297315e+01 -nan 1.72316576e+01 -nan
600 2375 1.58797856e+01 -nan 1.42311145e+01 -nan 1.32341741e+01 -nan
60 2375 2.02764097e+01 -nan 1.81712722e+01 -nan 1.68983097e+01 -nan
75 2375 1.98265713e+01 -nan 1.77681369e+01 -nan 1.65234155e+01 -nan
800 2375 1.53575697e+01 -nan 1.37631160e+01 -nan 1.27989606e+01 -nan
90 2375 1.94684218e+01 -nan 1.74471712e+01 -nan 1.62249346e+01 -nan
100 2500 1.92728000e+01 -nan 1.72718593e+01 -nan 1.60619039e+01 -nan
110 2500 1.90801298e+01 -nan 1.70991925e+01 -nan 1.59013330e+01 -nan
125 2500 1.88189975e+01 3.89040121e-04 1.68651714e+01 3.48650071e-04 1.56837060e+01 3.24223783e-04
150 2500 1.84529615e+01 8.35588072e-04 1.65371381e+01 7.48836621e-04 1.53786526e+01 6.96378018e-04
175 2500 1.81574205e+01 1.11926031e-03 1.62722807e+01 1.00305588e-03 1.51323494e+01 9.32788786e-04
200 2500 1.79111773e+01 8.71955734e-04 1.60516029e+01 7.81427782e-04 1.49271309e+01 7.26685920e-04
20 2500 2.28992246e+01 1.32497912e-03 2.05217812e+01 1.18741960e-03 1.90841572e+01 1.10423683e-03
225 2500 1.76973661e+01 8.75377082e-04 1.58599901e+01 7.84492984e-04 1.47489412e+01 7.29536811e-04
250 2500 1.75073383e+01 8.51203228e-04 1.56896913e+01 7.62829943e-04 1.45905725e+01 7.09390344e-04
275 2500 1.73309675e+01 6.82454073e-04 1.55316317e+01 6.11600506e-04 1.44435855e+01 5.68755367e-04
300 2500 1.71694998e+01 7.15951399e-04 1.53869279e+01 6.41620060e-04 1.43090187e+01 5.96671960e-04
30 2500 2.19814673e+01 -nan 1.96993073e+01 -nan 1.83193005e+01 -nan
350 2500 1.68801635e+01 4.22595973e-04 1.51276311e+01 3.78721385e-04 1.40678866e+01 3.52190804e-04
400 2500 1.66297410e+01 -nan 1.49032079e+01 -nan 1.38591850e+01 -nan
40 2500 2.13668466e+01 -nan 1.91484977e+01 -nan 1.78070772e+01 -nan
500 2500 1.62165813e+01 -nan 1.45329433e+01 -nan 1.35148588e+01 -nan
50 2500 2.08795661e+01 -nan 1.87118077e+01 -nan 1.74009788e+01 -nan
600 2500 1.58854394e+01 -nan 1.42361812e+01 -nan 1.32388859e+01 -nan
60 2500 2.02995742e+01 -nan 1.81920317e+01 -nan 1.69176149e+01 -nan
75 2500 1.98453934e+01 -nan 1.77850049e+01 -nan 1.65391018e+01 -nan
800 2500 1.53621848e+01 -nan 1.37672520e+01 -nan 1.28028069e+01 -nan
90 2500 1.94834722e+01 -nan 1.74606591e+01 -nan 1.62374776e+01 -nan
100 2625 1.92877235e+01 -nan 1.72852334e+01 -nan 1.60743411e+01 -nan
110 2625 1.90956343e+01 1.80369921e-04 1.71130872e+01 1.61640910e-04 1.59142544e+01 1.50317003e-04
125 2625 1.88355395e+01 4.92955704e-04 1.68799960e+01 4.41776390e-04 1.56974920e+01 4.10828288e-04
150 2625 1.84673554e+01 9.77869168e-04 1.65500375e+01 8.76344384e-04 1.53906483e+01 8.14954059e-04
175 2625 1.81722100e+01 1.05552943e-03 1.62855347e+01 9.45942711e-04 1.51446749e+01 8.79676350e-04
200 2625 1.79229303e+01 9.84259510e-04 1.60621357e+01 8.82071777e-04 1.49369258e+01 8.20279355e-04
20 2625 2.29411476e+01 1.79644853e-03 2.05593516e+01 1.60993817e-03 1.91190957e+01 1.49715614e-03
225 2625 1.77085586e+01 9.35281858e-04 1.58700206e+01 8.38178936e-04 1.47582690e+01 7.79461264e-04
250 2625 1.75162984e+01 8.80635470e-04 1.56977212e+01 7.89206542e-04 1.45980398e+01 7.33919523e-04
275 2625 1.73406947e+01 8.36144520e-04 1.55403490e+01 7.49333894e-04 1.44516921e+01 6.96840241e-04
300 2625 1.71788780e+01 8.34737917e-04 1.53953325e+01 7.48073827e-04 1.43168345e+01 6.95668080e-04
30 2625 2.20201276e+01 -nan 1.97339538e+01 -nan 1.83515199e+01 -nan
350 2625 1.68887908e+01 6.06169659e-04 1.51353627e+01 5.43235971e-04 1.40750765e+01 5.05180352e-04
400 2625 1.66368884e+01 3.04180877e-04 1.49096133e+01 2.72600233e-04 1.38651417e+01 2.53503194e-04
40 2625 2.13948556e+01 -nan 1.91735988e+01 -nan 1.78304198e+01 -nan
500 2625 1.62227203e+01 -nan 1.45384449e+01 -nan 1.35199750e+01 -nan
50 2625 2.09052750e+01 -nan 1.87348475e+01 -nan 1.74224046e+01 -nan
600 2625 1.58916685e+01 -nan 1.42417636e+01 -nan 1.32440772e+01 -nan
60 2625 2.03287261e+01 -nan 1.82181570e+01 -nan 1.69419101e+01 -nan
75 2625 1.98633500e+01 -nan 1.78010972e+01 -nan 1.65540668e+01 -nan
800 2625 1.53669637e+01 -nan 1.37715347e+01 -nan 1.28067896e+01 -nan
90 2625 1.94999990e+01 -nan 1.74754700e+01 -nan 1.62512510e+01 -nan
100 2750 1.93038796e+01 -nan 1.72997122e+01 -nan 1.60878056e+01 -nan
110 2750 1.91117461e+01 -nan 1.71275263e+01 -nan 1.59276820e+01 -nan
125 2750 1.88509173e+01 2.13203539e-04 1.68937772e+01 1.91075635e-04 1.57103079e+01 1.77683549e-04
150 2750 1.84839289e+01 8.59415561e-04 1.65648904e+01 7.70188192e-04 1.54044607e+01 7.16235336e-04
175 2750 1.81852180e+01 8.55324110e-04 1.62971922e+01 7.66522941e-04 1.51555157e+01 7.12824995e-04
200 2750 1.79358698e+01 1.01139463e-03 1.60737319e+01 9.06389697e-04 1.49477096e+01 8.42894608e-04
20 2750 2.29904078e+01 2.97566319e-03 2.06034975e+01 2.66672286e-03 1.91601490e+01 2.47991034e-03
225 2750 1.77196827e+01 1.02020676e-03 1.58799897e+01 9.14287268e-04 1.47675398e+01 8.50238225e-04
250 2750 1.75264727e+01 7.80097211e-04 1.57068392e+01 6.99106477e-04 1.46065191e+01 6.50130391e-04
275 2750 1.73497159e+01 8.46399114e-04 1.55484336e+01 7.58524106e-04 1.44592104e+01 7.05386912e-04
300 2750 1.71873471e+01 9.33112059e-04 1.54029223e+01 8.36234340e-04 1.43238926e+01 7.77653667e-04
30 2750 2.20508953e+01 -nan 1.97615272e+01 -nan 1.83771617e+01 -nan
350 2750 1.68963011e+01 7.10553862e-04 1.51420932e+01 6.36782453e-04 1.40813356e+01 5.92174148e-04
400 2750 1.66437111e+01 4.92649891e-04 1.49157276e+01 4.41501756e-04 1.38708277e+01 4.10573454e-04
40 2750 2.14232913e+01 -nan 1.91990823e+01 -nan 1.78541181e+01 -nan
500 2750 1.62289503e+01 -nan 1.45440282e+01 -nan 1.35251671e+01 -nan
50 2750 2.09337892e+01 -nan 1.87604012e+01 -nan 1.74461682e+01 -nan
600 2750 1.58968337e+01 -nan 1.42463926e+01 -nan 1.32483819e+01 -nan
60 2750 2.05190894e+01 2.39694961e-03 1.83887564e+01 2.14809463e-03 1.71005584e+01 1.99761254e-03
75 2750 1.98849901e+01 -nan 1.78204905e+01 -nan 1.65721016e+01 -nan
800 2750 1.53718201e+01 -nan 1.37758869e+01 -nan 1.28108369e+01 -nan
90 2750 1.95157918e+01 -nan 1.74896232e+01 -nan 1.62644127e+01 -nan
100 2875 1.93199977e+01 -nan 1.73141568e+01 -nan 1.61012383e+01 -nan
110 2875 1.91262818e+01 -nan 1.71405529e+01 -nan 1.59397960e+01 -nan
125 2875 1.88666658e+01 -nan 1.69078908e+01 -nan 1.57234327e+01 -nan
150 2875 1.84988172e+01 7.83382218e-04 1.65782329e+01 7.02049999e-04 1.54168686e+01 6.52868948e-04
175 2875 1.81995252e+01 1.04439673e-03 1.63100140e+01 9.35964814e-04 1.51674393e+01 8.70397150e-04
200 2875 1.79471104e+01 1.00286192e-03 1.60838054e+01 8.98743255e-04 1.49570774e+01 8.35782727e-04
20 2875 2.30361416e+01 3.54281721e-03 2.06444832e+01 3.17499430e-03 1.91982635e+01 2.95257428e-03
225 2875 1.77307314e+01 9.86740554e-04 1.58898914e+01 8.84294870e-04 1.47767478e+01 8.22347236e-04
250 2875 1.75359684e+01 9.60314013e-04 1.57153490e+01 8.60612090e-04 1.46144328e+01 8.00323513e-04
275 2875 1.73594344e+01 8.54742442e-04 1.55571431e+01 7.66001805e-04 1.44673097e+01 7.12340816e-04
300 2875 1.71961667e+01 8.66093067e-04 1.54108262e+01 7.76173323e-04 1.43312429e+01 7.21799303e-04
30 2875 2.20832888e+01 -nan 1.97905575e+01 -nan 1.84041583e+01 -nan
350 2875 1.69040776e+01 7.62410873e-04 1.51490624e+01 6.83255771e-04 1.40878165e+01 6.35391579e-04
400 2875 1.66513822e+01 5.52761518e-04 1.49226023e+01 4.95372739e-04 1.38772208e+01 4.60670212e-04
40 2875 2.14487120e+01 -nan 1.92218637e+01 -nan 1.78753035e+01 -nan
500 2875 1.62353282e+01 -nan 1.45497438e+01 -nan 1.35304824e+01 -nan
50 2875 2.09580843e+01 -nan 1.87821740e+01 -nan 1.74664157e+01 -nan
600 2875 1.59025662e+01 -nan 1.42515299e+01 -nan 1.32531594e+01 -nan
60 2875 2.03811643e+01 -nan 1.82651509e+01 -nan 1.69856119e+01 -nan
75 2875 1.99044112e+01 -nan 1.78378953e+01 -nan 1.65882871e+01 -nan
800 2875 1.53763995e+01 -nan 1.37799909e+01 -nan 1.28146534e+01 -nan
90 2875 1.95331210e+01 -nan 1.75051532e+01 -nan 1.62788547e+01 -nan
100 3000 1.93379671e+01 -nan 1.73302606e+01 -nan 1.61162140e+01 -nan
110 3000 1.91437679e+01 -nan 1.71562236e+01 -nan 1.59543689e+01 -nan
125 3000 1.88827194e+01 -nan 1.69222777e+01 -nan 1.57368117e+01 -nan
150 3000 1.85152700e+01 6.26583413e-04 1.65929775e+01 5.61531014e-04 1.54305802e+01 5.22193459e-04
175 3000 1.82128306e+01 9.09308806e-04 1.63219381e+01 8.14902559e-04 1.51785280e+01 7.57815610e-04
200 3000 1.79601493e+01 1.00494061e-03 1.60954906e+01 9.00605402e-04 1.49679440e+01 8.37514413e-04
20 3000 2.30793438e+01 3.44804508e-03 2.06832001e+01 3.09006285e-03 1.92342681e+01 2.87359313e-03
225 3000 1.77412772e+01 1.01977930e-03 1.58993423e+01 9.13903262e-04 1.47855366e+01 8.49880931e-04
250 3000 1.75461308e+01 1.00174995e-03 1.57244564e+01 8.97746221e-04 1.46229021e+01 8.34856381e-04
275 3000 1.73684456e+01 9.40147679e-04 1.55652188e+01 8.42539310e-04 1.44748197e+01 7.83516820e-04
300 3000 1.72049814e+01 8.89736098e-04 1.54187257e+01 7.97362142e-04 1.43385890e+01 7.41504150e-04
30 3000 2.21179160e+01 -nan 1.98215896e+01 -nan 1.84330165e+01 -nan
350 3000 1.69121479e+01 7.75660452e-04 1.51562948e+01 6.95129179e-04 1.40945423e+01 6.46433505e-04
400 3000 1.66586476e+01 6.92056687e-04 1.49291134e+01 6.20205951e-04 1.38832757e+01 5.76757936e-04
40 3000 2.14739489e+01 -nan 1.92444805e+01 -nan 1.78963359e+01 -nan
500 3000 1.62418604e+01 3.11747115e-04 1.45555978e+01 2.79381559e-04 1.35359263e+01 2.59810010e-04
50 3000 2.09811809e+01 -nan 1.88028726e+01 -nan 1.74856643e+01 -nan
600 3000 1.59084962e+01 -nan 1.42568442e+01 -nan 1.32581014e+01 -nan
60 3000 2.05699884e+01 2.99004176e-03 1.84343709e+01 2.67961003e-03 1.71429775e+01 2.49189505e-03
75 3000 1.99244728e+01 -nan 1.78558741e+01 -nan 1.66050064e+01 -nan
800 3000 1.53812593e+01 -nan 1.37843462e+01 -nan 1.28187035e+01 -nan
90 3000 1.95521064e+01 -nan 1.75221675e+01 -nan 1.62946772e+01 -nan
100 3100 1.93514897e+01 -nan 1.73423792e+01 -nan 1.61274837e+01 -nan
110 3100 1.91573996e+01 -nan 1.71684400e+01 -nan 1.59657295e+01 -nan
125 3100 1.88959059e+01 -nan 1.69340951e+01 -nan 1.57478013e+01 -nan
150 3100 1.85272034e+01 -nan 1.66036720e+01 -nan 1.54405255e+01 -nan
175 3100 1.82225358e+01 6.61006985e-04 1.63306356e+01 5.92379990e-04 1.51866163e+01 5.50881460e-04
200 3100 1.79690056e+01 9.95298605e-04 1.61034274e+01 8.91964942e-04 1.49753248e+01 8.29479428e-04
20 3100 2.31104523e+01 3.78523015e-03 2.07110788e+01 3.39223951e-03 1.92601938e+01 3.15460253e-03
225 3100 1.77502016e+01 9.87551697e-04 1.59073401e+01 8.85021650e-04 1.47929741e+01 8.23023467e-04
250 3100 1.75536455e+01 9.92540108e-04 1.57311909e+01 8.89492218e-04 1.46291648e+01 8.27180435e-04
275 3100 1.73761125e+01 8.89711014e-04 1.55720897e+01 7.97339489e-04 1.44812092e+01 7.41482747e-04
300 3100 1.72120273e+01 8.87668743e-04 1.54250401e+01 7.95508722e-04 1.43444610e+01 7.39780191e-04
30 3100 2.21427472e+01 1.52402610e-03 1.98438428e+01 1.36579796e-03 1.84537108e+01 1.27011950e-03
350 3100 1.69185620e+01 9.25293695e-04 1.51620430e+01 8.29227736e-04 1.40998878e+01 7.71137481e-04
400 3100 1.66643160e+01 8.28569570e-04 1.49341933e+01 7.42545591e-04 1.38879997e+01 6.90527759e-04
40 3100 2.14976450e+01 -nan 1.92657164e+01 -nan 1.79160842e+01 -nan
500 3100 1.62466238e+01 4.04286277e-04 1.45598667e+01 3.62312944e-04 1.35398961e+01 3.36931353e-04
50 3100 2.10019458e+01 -nan 1.88214816e+01 -nan 1.75029697e+01 -nan
600 3100 1.59131667e+01 -nan 1.42610299e+01 -nan 1.32619938e+01 -nan
60 3100 2.05838912e+01 4.23575084e-03 1.84468303e+01 3.79598557e-03 1.71545640e+01 3.53006312e-03
75 3100 1.99448296e+01 -nan 1.78741174e+01 -nan 1.66219717e+01 -nan
800 3100 1.53851904e+01 -nan 1.37878690e+01 -nan 1.28219796e+01 -nan
90 3100 1.95675637e+01 -nan 1.75360200e+01 -nan 1.63075592e+01 -nan
100 3125 1.93545710e+01 -nan 1.73451406e+01 -nan 1.61300516e+01 -nan
110 3125 1.91594952e+01 -nan 1.71703180e+01 -nan 1.59674759e+01 -nan
125 3125 1.88993188e+01 -nan 1.69371536e+01 -nan 1.57506455e+01 -nan
150 3125 1.85302842e+01 -nan 1.66064329e+01 -nan 1.54430930e+01 -nan
175 3125 1.82262901e+01 6.70114911e-04 1.63340001e+01 6.00542407e-04 1.51897451e+01 5.58471629e-04
200 3125 1.79716282e+01 1.03528741e-03 1.61057778e+01 9.27801633e-04 1.49775106e+01 8.62806254e-04
20 3125 2.31220679e+01 3.62152493e-03 2.07214885e+01 3.24553028e-03 1.92698742e+01 3.01817014e-03
225 3125 1.77519024e+01 9.90888730e-04 1.59088643e+01 8.88012240e-04 1.47943916e+01 8.25802986e-04
250 3125 1.75559878e+01 1.12681183e-03 1.57332899e+01 1.00982420e-03 1.46311168e+01 9.39082502e-04
275 3125 1.73777449e+01 9.73027486e-04 1.55735526e+01 8.72005285e-04 1.44825696e+01 8.10918096e-04
300 3125 1.72137383e+01 8.86882230e-04 1.54265735e+01 7.94803851e-04 1.43458870e+01 7.39125701e-04
30 3125 2.21504253e+01 -nan 1.98507238e+01 -nan 1.84601097e+01 -nan
350 3125 1.69201305e+01 8.43514978e-04 1.51634486e+01 7.55939669e-04 1.41011949e+01 7.02982840e-04
400 3125 1.66656205e+01 7.90546502e-04 1.49353624e+01 7.08470053e-04 1.38890869e+01 6.58839254e-04
40 3125 2.15029824e+01 -nan 1.92704996e+01 -nan 1.79205324e+01 -nan
500 3125 1.62481229e+01 4.50285323e-04 1.45612102e+01 4.03535551e-04 1.35411455e+01 3.75266073e-04
50 3125 2.10084901e+01 -nan 1.88273465e+01 -nan 1.75084237e+01 -nan
600 3125 1.59141349e+01 -nan 1.42618975e+01 -nan 1.32628007e+01 -nan
60 3125 2.06035763e+01 -nan 1.84644717e+01 -nan 1.71709696e+01 -nan
75 3125 1.99529413e+01 -nan 1.78813870e+01 -nan 1.66287320e+01 -nan
800 3125 1.53861911e+01 -nan 1.37887659e+01 -nan 1.28228137e+01 -nan
90 3125 1.95686872e+01 -nan 1.75370269e+01 -nan 1.63084956e+01 -nan
100 3250 1.93700143e+01 -nan 1.73589806e+01 -nan 1.61429220e+01 -nan
110 3250 1.91752602e+01 -nan 1.71844462e+01 -nan 1.59806144e+01 -nan
125 3250 1.89157696e+01 -nan 1.69518964e+01 -nan 1.57643556e+01 -nan
150 3250 1.86637909e+01 2.36304926e-04 1.67260787e+01 2.11773335e-04 1.55543572e+01 1.96935278e-04
175 3250 1.82396912e+01 5.47144636e-04 1.63460099e+01 4.90337016e-04 1.52009135e+01 4.55987456e-04
200 3250 1.79839987e+01 8.76892997e-04 1.61168639e+01 7.85852551e-04 1.49878201e+01 7.30800742e-04
20 3250 2.31671086e+01 4.36872605e-03 2.07618530e+01 3.91515650e-03 1.93074111e+01 3.64088484e-03
225 3250 1.77630503e+01 9.40800693e-04 1.59188548e+01 8.43124564e-04 1.48036823e+01 7.84061100e-04
250 3250 1.75657799e+01 1.04484217e-03 1.57420654e+01 9.36365385e-04 1.46392776e+01 8.70769158e-04
275 3250 1.73879665e+01 1.06471492e-03 1.55827130e+01 9.54174262e-04 1.44910883e+01 8.87331080e-04
300 3250 1.72222521e+01 9.18928590e-04 1.54342033e+01 8.23523137e-04 1.43529823e+01 7.65832635e-04
30 3250 2.21835417e+01 -nan 1.98804019e+01 -nan 1.84877088e+01 -nan
350 3250 1.69278327e+01 1.04559950e-03 1.51703512e+01 9.37043584e-04 1.41076140e+01 8.71400475e-04
400 3250 1.66735539e+01 9.15404880e-04 1.49424721e+01 8.20365513e-04 1.38956987e+01 7.62896049e-04
40 3250 2.15267960e+01 -nan 1.92918409e+01 -nan 1.79403786e+01 -nan
500 3250 1.62541706e+01 4.98712311e-04 1.45666300e+01 4.46934432e-04 1.35461856e+01 4.15625382e-04
50 3250 2.10286016e+01 -nan 1.88453700e+01 -nan 1.75251846e+01 -nan
600 3250 1.59203302e+01 -nan 1.42674496e+01 -nan 1.32679639e+01 -nan
60 3250 2.06203279e+01 -nan 1.84794841e+01 -nan 1.71849303e+01 -nan
75 3250 1.99718508e+01 -nan 1.78983332e+01 -nan 1.66444911e+01 -nan
800 3250 1.53908413e+01 -nan 1.37929333e+01 -nan 1.28266891e+01 -nan
90 3250 1.95879905e+01 -nan 1.75543260e+01 -nan 1.63245828e+01 -nan
100 3375 1.93879234e+01 -nan 1.73750303e+01 -nan 1.61578475e+01 -nan
110 3375 1.91936564e+01 -nan 1.72009325e+01 -nan 1.59959458e+01 -nan
125 3375 1.89313572e+01 -nan 1.69658657e+01 -nan 1.57773463e+01 -nan
150 3375 1.85604540e+01 -nan 1.66334704e+01 -nan 1.54682365e+01 -nan
175 3375 1.82545940e+01 2.50605877e-04 1.63593654e+01 2.24588161e-04 1.52133335e+01 2.08851994e-04
200 3375 1.79972757e+01 9.31411381e-04 1.61287625e+01 8.34709767e-04 1.49988851e+01 7.76236075e-04
20 3375 2.32036754e+01 4.21039952e-03 2.07946233e+01 3.77326843e-03 1.93378857e+01 3.50893679e-03
225 3375 1.77741828e+01 8.87500262e-04 1.59288315e+01 7.95358208e-04 1.48129600e+01 7.39640287e-04
250 3375 1.75766618e+01 8.78580088e-04 1.57518175e+01 7.87364013e-04 1.46483465e+01 7.32206597e-04
275 3375 1.73970285e+01 1.01372613e-03 1.55908342e+01 9.08478800e-04 1.44986406e+01 8.44836390e-04
300 3375 1.72310074e+01 9.68989026e-04 1.54420497e+01 8.68386416e-04 1.43602790e+01 8.07553029e-04
30 3375 2.22081001e+01 -nan 1.99024106e+01 -nan 1.85081757e+01 -nan
350 3375 1.69360583e+01 9.22498389e-04 1.51777228e+01 8.26722546e-04 1.41144691e+01 7.68807819e-04
400 3375 1.66803252e+01 8.35797902e-04 1.49485404e+01 7.49023675e-04 1.39013418e+01 6.96551359e-04
40 3375 2.15544833e+01 -nan 1.93166536e+01 -nan 1.79634531e+01 -nan
500 3375 1.62607438e+01 6.53439680e-04 1.45725207e+01 5.85598334e-04 1.35516637e+01 5.44574601e-04
50 3375 2.10525385e+01 -nan 1.88668217e+01 -nan 1.75451335e+01 -nan
600 3375 1.59257198e+01 2.76152715e-04 1.42722797e+01 2.47481128e-04 1.32724555e+01 2.30144524e-04
60 3375 2.06473297e+01 -nan 1.85036825e+01 -nan 1.72074335e+01 -nan
75 3375 2.01480395e+01 -nan 1.80562296e+01 -nan 1.67913263e+01 -nan
800 3375 1.53954722e+01 -nan 1.37970834e+01 -nan 1.28305485e+01 -nan
90 3375 1.96075093e+01 -nan 1.75718184e+01 -nan 1.63408498e+01 -nan
100 3500 1.94080764e+01 -nan 1.73930910e+01 -nan 1.61746429e+01 -nan
110 3500 1.92105193e+01 -nan 1.72160447e+01 -nan 1.60099993e+01 -nan
125 3500 1.89464454e+01 -nan 1.69793874e+01 -nan 1.57899207e+01 -nan
150 3500 1.85752256e+01 -nan 1.66467084e+01 -nan 1.54805471e+01 -nan
175 3500 1.82671122e+01 1.02585066e-04 1.63705840e+01 9.19355063e-05 1.52237662e+01 8.54983421e-05
200 3500 1.80088178e+01 6.50868682e-04 1.61391062e+01 5.83292725e-04 1.50085042e+01 5.42432565e-04
20 3500 2.32501473e+01 4.06992222e-03 2.08362704e+01 3.64737515e-03 1.93766153e+01 3.39186277e-03
225 3500 1.77854721e+01 9.47525890e-04 1.59389487e+01 8.49152244e-04 1.48223685e+01 7.89665655e-04
250 3500 1.75859466e+01 9.03548661e-04 1.57601384e+01 8.09740639e-04 1.46560845e+01 7.53015771e-04
275 3500 1.74064835e+01 9.64691971e-04 1.55993075e+01 8.64535284e-04 1.45065203e+01 8.03971510e-04
300 3500 1.72402368e+01 8.41598358e-04 1.54503208e+01 7.54222237e-04 1.43679707e+01 7.01386493e-04
30 3500 2.22443125e+01 9.27436820e-04 1.99348634e+01 8.31151628e-04 1.85383551e+01 7.72928242e-04
350 3500 1.69444570e+01 9.66917012e-04 1.51852495e+01 8.66529842e-04 1.41214686e+01 8.05826267e-04
400 3500 1.66878873e+01 9.88312899e-04 1.49553174e+01 8.85703320e-04 1.39076440e+01 8.23657223e-04
40 3500 2.15832257e+01 -nan 1.93424120e+01 -nan 1.79874070e+01 -nan
500 3500 1.62671084e+01 7.37241772e-04 1.45782246e+01 6.60700076e-04 1.35569679e+01 6.14415124e-04
50 3500 2.10761088e+01 -nan 1.88879449e+01 -nan 1.75647769e+01 -nan
600 3500 1.59313509e+01 3.80463134e-04 1.42773261e+01 3.40962281e-04 1.32771485e+01 3.17077654e-04
60 3500 2.06670079e+01 -nan 1.85213177e+01 -nan 1.72238333e+01 -nan
75 3500 2.01683104e+01 -nan 1.80743960e+01 -nan 1.68082201e+01 -nan
800 3500 1.54001175e+01 -nan 1.38012464e+01 -nan 1.28344199e+01 -nan
90 3500 1.96273496e+01 -nan 1.75895988e+01 -nan 1.63573846e+01 -nan
100 3625 1.94262428e+01 -nan 1.74093713e+01 -nan 1.61897828e+01 -nan
110 3625 1.92279298e+01 -nan 1.72316476e+01 -nan 1.60245092e+01 -nan
125 3625 1.89635948e+01 -nan 1.69947564e+01 -nan 1.58042131e+01 -nan
150 3625 1.85913810e+01 -nan 1.66611865e+01 -nan 1.54940109e+01 -nan
175 3625 1.82800944e+01 -nan 1.63822183e+01 -nan 1.52345855e+01 -nan
200 3625 1.80219227e+01 7.68828696e-04 1.61508505e+01 6.89006389e-04 1.50194258e+01 6.40739150e-04
20 3625 2.32878664e+01 4.56716346e-03 2.08700734e+01 4.09298980e-03 1.94080503e+01 3.80626178e-03
225 3625 1.77961562e+01 7.15886933e-04 1.59485235e+01 6.41561742e-04 1.48312726e+01 5.96616969e-04
250 3625 1.75968803e+01 8.59504915e-04 1.57699369e+01 7.70268639e-04 1.46651966e+01 7.16309395e-04
275 3625 1.74148974e+01 1.00062511e-03 1.56068478e+01 8.96738517e-04 1.45135324e+01 8.33918910e-04
300 3625 1.72491926e+01 1.02819974e-03 1.54583469e+01 9.21450222e-04 1.43754345e+01 8.56898872e-04
30 3625 2.22765635e+01 1.52310367e-03 1.99637660e+01 1.36497325e-03 1.85652330e+01 1.26935235e-03
350 3625 1.69523398e+01 9.49376571e-04 1.51923139e+01 8.50810369e-04 1.41280381e+01 7.91208025e-04
400 3625 1.66952030e+01 9.31998996e-04 1.49618736e+01 8.35237538e-04 1.39137409e+01 7.76725740e-04
40 3625 2.16060153e+01 -nan 1.93628355e+01 -nan 1.80063997e+01 -nan
500 3625 1.62737066e+01 7.65871732e-04 1.45841378e+01 6.86357573e-04 1.35624669e+01 6.38275531e-04
50 3625 2.10975493e+01 -nan 1.89071594e+01 -nan 1.75826454e+01 -nan
600 3625 1.59369218e+01 5.04242812e-04 1.42823186e+01 4.51891373e-04 1.32817912e+01 4.20234356e-04
60 3625 2.06967431e+01 -nan 1.85479658e+01 -nan 1.72486146e+01 -nan
75 3625 2.01923753e+01 -nan 1.80959624e+01 -nan 1.68282756e+01 -nan
800 3625 1.54046001e+01 -nan 1.38052636e+01 -nan 1.28381556e+01 -nan
90 3625 1.96508413e+01 -nan 1.76106516e+01 -nan 1.63769626e+01 -nan
100 3750 1.94488388e+01 -nan 1.74296213e+01 -nan 1.62086141e+01 -nan
110 3750 1.92476178e+01 -nan 1.72492915e+01 -nan 1.60409171e+01 -nan
125 3750 1.89760483e+01 -nan 1.70059169e+01 -nan 1.58145917e+01 -nan
150 3750 1.86055403e+01 -nan 1.66738758e+01 -nan 1.55058113e+01 -nan
175 3750 1.82948930e+01 -nan 1.63954806e+01 -nan 1.52469186e+01 -nan
200 3750 1.80336502e+01 6.53197550e-04 1.61613605e+01 5.85381495e-04 1.50291995e+01 5.44373326e-04
20 3750 2.33248846e+01 5.77534953e-03 2.09032483e+01 5.17574007e-03 1.94389012e+01 4.81316134e-03
225 3750 1.78076159e+01 7.08767607e-04 1.59587935e+01 6.35180804e-04 1.48408231e+01 5.90685083e-04
250 3750 1.76068339e+01 7.66625171e-04 1.57788571e+01 6.87032820e-04 1.46734919e+01 6.38903874e-04
275 3750 1.74243073e+01 8.87734941e-04 1.56152808e+01 7.95568173e-04 1.45213746e+01 7.39836356e-04
300 3750 1.72583353e+01 9.66666125e-04 1.54665404e+01 8.66305249e-04 1.43830540e+01 8.05617038e-04
30 3750 2.23042322e+01 2.33928719e-03 1.99885621e+01 2.09641684e-03 1.85882920e+01 1.94955726e-03
350 3750 1.69604011e+01 1.02080384e-03 1.51995382e+01 9.14821657e-04 1.41347563e+01 8.50734923e-04
400 3750 1.67025987e+01 9.55153913e-04 1.49685015e+01 8.55987844e-04 1.39199045e+01 7.96023184e-04
40 3750 2.16236271e+01 -nan 1.93786188e+01 -nan 1.80210774e+01 -nan
500 3750 1.62800528e+01 7.90912305e-04 1.45898250e+01 7.08797752e-04 1.35677557e+01 6.59144239e-04
50 3750 2.11211673e+01 -nan 1.89283253e+01 -nan 1.76023286e+01 -nan
600 3750 1.59430877e+01 5.68509150e-04 1.42878444e+01 5.09485101e-04 1.32869299e+01 4.73794321e-04
60 3750 2.07161085e+01 -nan 1.85653206e+01 -nan 1.72647536e+01 -nan
75 3750 2.02137630e+01 -nan 1.81151296e+01 -nan 1.68461001e+01 -nan
800 3750 1.54096665e+01 1.85011306e-04 1.38098041e+01 1.65803187e-04 1.28423780e+01 1.54186937e-04
90 3750 1.97910820e+01 4.92751831e-03 1.77363322e+01 4.41593364e-03 1.64938388e+01 4.10658227e-03
100 3875 1.94731494e+01 -nan 1.74514079e+01 -nan 1.62288745e+01 -nan
110 3875 1.93956115e+01 -nan 1.73819202e+01 -nan 1.61642547e+01 -nan
125 3875 1.89978734e+01 -nan 1.70254761e+01 -nan 1.58327808e+01 -nan
150 3875 1.86213288e+01 -nan 1.66880251e+01 -nan 1.55189694e+01 -nan
175 3875 1.83094360e+01 -nan 1.64085136e+01 -nan 1.52590387e+01 -nan
200 3875 1.80458427e+01 -nan 1.61722871e+01 -nan 1.50393607e+01 -nan
20 3875 2.33643794e+01 5.25752434e-03 2.09386427e+01 4.71167757e-03 1.94718160e+01 4.38160765e-03
225 3875 1.78178169e+01 6.43399223e-04 1.59679354e+01 5.76601317e-04 1.48493246e+01 5.36207802e-04
250 3875 1.76164852e+01 8.27863467e-04 1.57875064e+01 7.41912789e-04 1.46815352e+01 6.89939455e-04
275 3875 1.74347572e+01 8.31288507e-04 1.56246457e+01 7.44982014e-04 1.45300835e+01 6.92793543e-04
300 3875 1.72669905e+01 8.67541364e-04 1.54742970e+01 7.77471839e-04 1.43902672e+01 7.23007132e-04
30 3875 2.23373560e+01 2.57520723e-03 2.00182470e+01 2.30784535e-03 1.86158973e+01 2.14617170e-03
350 3875 1.69685504e+01 9.39876201e-04 1.52068415e+01 8.42296422e-04 1.41415480e+01 7.83290225e-04
400 3875 1.67100851e+01 1.01191509e-03 1.49752105e+01 9.06856368e-04 1.39261436e+01 8.43328027e-04
40 3875 2.16589234e+01 -nan 1.94102505e+01 -nan 1.80504932e+01 -nan
500 3875 1.62867290e+01 8.53459708e-04 1.45958082e+01 7.64851922e-04 1.35733197e+01 7.11271035e-04
50 3875 2.11468054e+01 -nan 1.89513017e+01 -nan 1.76236953e+01 -nan
600 3875 1.59485405e+01 6.60369635e-04 1.42927310e+01 5.91808866e-04 1.32914742e+01 5.50350625e-04
60 3875 2.07364001e+01 -nan 1.85835055e+01 -nan 1.72816646e+01 -nan
75 3875 2.02366504e+01 -nan 1.81356408e+01 -nan 1.68651744e+01 -nan
800 3875 1.54143381e+01 3.30169610e-04 1.38139906e+01 2.95890629e-04 1.28462713e+01 2.75162616e-04
90 3875 1.98257507e+01 -nan 1.77674015e+01 -nan 1.65227317e+01 -nan
100 4000 1.96209064e+01 -nan 1.75838245e+01 -nan 1.63520149e+01 -nan
110 4000 1.92869556e+01 -nan 1.72845452e+01 -nan 1.60737011e+01 -nan
125 4000 1.90156328e+01 -nan 1.70413917e+01 -nan 1.58475814e+01 -nan
150 4000 1.86373207e+01 -nan 1.67023567e+01 -nan 1.55322970e+01 -nan
175 4000 1.83224539e+01 -nan 1.64201800e+01 -nan 1.52698878e+01 -nan
200 4000 1.80584859e+01 -nan 1.61836176e+01 -nan 1.50498975e+01 -nan
20 4000 2.34214512e+01 6.16128295e-03 2.09897892e+01 5.52160600e-03 1.95193796e+01 5.13479777e-03
225 4000 1.78292201e+01 4.20694547e-04 1.59781547e+01 3.77015515e-04 1.48588280e+01 3.50606307e-04
250 4000 1.76267922e+01 7.53355740e-04 1.57967433e+01 6.75140588e-04 1.46901251e+01 6.27845408e-04
275 4000 1.74434981e+01 7.96157271e-04 1.56324791e+01 7.13499182e-04 1.45373682e+01 6.63515785e-04
300 4000 1.72754150e+01 9.12145240e-04 1.54818467e+01 8.17444299e-04 1.43972881e+01 7.60179772e-04
30 4000 2.23732693e+01 2.65430681e-03 2.00504316e+01 2.37873117e-03 1.86458273e+01 2.21209273e-03
350 4000 1.69761260e+01 8.79155741e-04 1.52136305e+01 7.87879763e-04 1.41478614e+01 7.32686547e-04
400 4000 1.67176569e+01 9.48175519e-04 1.49819962e+01 8.49733569e-04 1.39324539e+01 7.90206400e-04
40 4000 2.16840260e+01 -nan 1.94327470e+01 -nan 1.80714137e+01 -nan
500 4000 1.62929543e+01 8.59488116e-04 1.46013871e+01 7.70253970e-04 1.35785079e+01 7.16295193e-04
50 4000 2.11709349e+01 -nan 1.89729260e+01 -nan 1.76438048e+01 -nan
600 4000 1.59541703e+01 7.10104843e-04 1.42977764e+01 6.36380273e-04 1.32961661e+01 5.91799067e-04
60 4000 2.07571299e+01 -nan 1.86020831e+01 -nan 1.72989408e+01 -nan
75 4000 2.02576773e+01 -nan 1.81544846e+01 -nan 1.68826982e+01 -nan
800 4000 1.54189917e+01 4.28223035e-04 1.38181610e+01 3.83763717e-04 1.28501495e+01 3.56880267e-04
90 4000 1.98510494e+01 -nan 1.77900737e+01 -nan 1.65438155e+01 -nan
100 4125 1.96405417e+01 -nan 1.76014213e+01 -nan 1.63683789e+01 -nan
110 4125 1.93897944e+01 7.89378514e-03 1.73767071e+01 7.07423646e-03 1.61594067e+01 6.57866164e-03
125 4125 1.90335935e+01 -nan 1.70574876e+01 -nan 1.58625498e+01 -nan
150 4125 1.86522648e+01 -nan 1.67157493e+01 -nan 1.55447514e+01 -nan
175 4125 1.83383260e+01 -nan 1.64344042e+01 -nan 1.52831156e+01 -nan
200 4125 1.80705728e+01 -nan 1.61944497e+01 -nan 1.50599708e+01 -nan
20 4125 2.34558594e+01 5.52612219e-03 2.10206251e+01 4.95238864e-03 1.95480553e+01 4.60545604e-03
225 4125 1.78416744e+01 -nan 1.59893160e+01 -nan 1.48692073e+01 -nan
250 4125 1.76379573e+01 5.22731910e-04 1.58067492e+01 4.68461713e-04 1.46994300e+01 4.35643310e-04
275 4125 1.74526432e+01 5.61064379e-04 1.56406748e+01 5.02813547e-04 1.45449897e+01 4.67590048e-04
300 4125 1.72850247e+01 7.35893850e-04 1.54904588e+01 6.59491771e-04 1.44052969e+01 6.13292686e-04
30 4125 2.24035631e+01 2.46855492e-03 2.00775803e+01 2.21226534e-03 1.86710741e+01 2.05728895e-03
350 4125 1.69844159e+01 8.80636673e-04 1.52210597e+01 7.89207178e-04 1.41547702e+01 7.33920367e-04
400 4125 1.67253368e+01 8.20878051e-04 1.49888788e+01 7.35653150e-04 1.39388543e+01 6.84117355e-04
40 4125 2.17107328e+01 -nan 1.94566810e+01 -nan 1.80936710e+01 -nan
500 4125 1.62991800e+01 8.65084872e-04 1.46069665e+01 7.75270373e-04 1.35836963e+01 7.20959707e-04
50 4125 2.11963095e+01 -nan 1.89956662e+01 -nan 1.76649520e+01 -nan
600 4125 1.59598726e+01 7.28437624e-04 1.43028867e+01 6.52810537e-04 1.33009184e+01 6.07078517e-04
60 4125 2.07791966e+01 -nan 1.86218588e+01 -nan 1.73173311e+01 -nan
75 4125 2.02741536e+01 -nan 1.81692503e+01 -nan 1.68964295e+01 -nan
800 4125 1.54236286e+01 5.59201458e-04 1.38223166e+01 5.01143950e-04 1.28540140e+01 4.66036860e-04
90 4125 1.98713519e+01 -nan 1.78082683e+01 -nan 1.65607355e+01 -nan
100 4250 1.96579767e+01 -nan 1.76170461e+01 -nan 1.63829092e+01 -nan
110 4250 1.94485469e+01 1.32451185e-03 1.74293598e+01 1.18699914e-03 1.62083709e+01 1.10384754e-03
125 4250 1.90554716e+01 -nan 1.70770943e+01 -nan 1.58807829e+01 -nan
150 4250 1.86684950e+01 -nan 1.67302944e+01 -nan 1.55582776e+01 -nan
175 4250 1.83525993e+01 -nan 1.64471956e+01 -nan 1.52950109e+01 -nan
200 4250 1.80835262e+01 -nan 1.62060582e+01 -nan 1.50707660e+01 -nan
20 4250 2.34957441e+01 6.46475097e-03 2.10563689e+01 5.79356767e-03 1.95812951e+01 5.38770769e-03
225 4250 1.78526358e+01 -nan 1.59991394e+01 -nan 1.48783426e+01 -nan
250 4250 1.76484927e+01 9.27211864e-05 1.58161908e+01 8.30947736e-05 1.47082102e+01 7.72785399e-05
275 4250 1.74629534e+01 7.53669262e-04 1.56499145e+01 6.75422096e-04 1.45535822e+01 6.28105896e-04
300 4250 1.72938736e+01 7.69830525e-04 1.54983890e+01 6.89905355e-04 1.44126715e+01 6.41573798e-04
30 4250 2.24312115e+01 2.88500685e-03 2.01023582e+01 2.58548123e-03 1.86941162e+01 2.40435761e-03
350 4250 1.69927422e+01 9.71395570e-04 1.52285217e+01 8.70543189e-04 1.41617094e+01 8.09559060e-04
400 4250 1.67317800e+01 8.53959442e-04 1.49946531e+01 7.65299434e-04 1.39442241e+01 7.11687852e-04
40 4250 2.17339691e+01 9.23003143e-04 1.94775049e+01 8.27173488e-04 1.81130362e+01 7.69231456e-04
500 4250 1.63054635e+01 8.95976972e-04 1.46125976e+01 8.02954465e-04 1.35889330e+01 7.46704955e-04
50 4250 2.12183418e+01 -nan 1.90154110e+01 -nan 1.76833136e+01 -nan
600 4250 1.59657134e+01 8.02496219e-04 1.43081210e+01 7.19179436e-04 1.33057861e+01 6.68798219e-04
60 4250 2.08027831e+01 -nan 1.86429965e+01 -nan 1.73369880e+01 -nan
75 4250 2.03023322e+01 -nan 1.81945034e+01 -nan 1.69199135e+01 -nan
800 4250 1.54281236e+01 5.75620307e-04 1.38263449e+01 5.15858330e-04 1.28577601e+01 4.79720559e-04
90 4250 1.98917693e+01 -nan 1.78265659e+01 -nan 1.65777514e+01 -nan
100 4375 0.00000000e+00 -nan 0.00000000e+00 -nan 0.00000000e+00 -nan
110 4375 1.94713897e+01 -nan 1.74498310e+01 -nan 1.62274081e+01 -nan
125 4375 1.91589579e+01 7.45143859e-03 1.71698365e+01 6.67781454e-03 1.59670282e+01 6.21001138e-03
150 4375 1.86862997e+01 -nan 1.67462506e+01 -nan 1.55731160e+01 -nan
175 4375 1.83684406e+01 -nan 1.64613923e+01 -nan 1.53082130e+01 -nan
200 4375 1.80960814e+01 -nan 1.62173099e+01 -nan 1.50812295e+01 -nan
20 4375 2.35252104e+01 7.16762916e-03 2.10827759e+01 6.42347234e-03 1.96058522e+01 5.97348386e-03
225 4375 1.78649549e+01 1.24671957e-04 1.60101795e+01 1.11725269e-04 1.48886093e+01 1.03905688e-04
250 4375 1.76575579e+01 -nan 1.58243148e+01 -nan 1.47157651e+01 -nan
275 4375 1.74715400e+01 -nan 1.56576097e+01 -nan 1.45607382e+01 -nan
300 4375 1.73026830e+01 7.44179725e-04 1.55062838e+01 6.66916982e-04 1.44200133e+01 6.20198028e-04
30 4375 2.24675954e+01 3.36719989e-03 2.01349646e+01 3.01760958e-03 1.87244384e+01 2.80621604e-03
350 4375 1.70005869e+01 7.88428128e-04 1.52355519e+01 7.06571840e-04 1.41682471e+01 6.57074353e-04
400 4375 1.67399974e+01 9.25688887e-04 1.50020173e+01 8.29581501e-04 1.39510725e+01 7.71466747e-04
40 4375 2.17647126e+01 -nan 1.95050565e+01 -nan 1.81386576e+01 -nan
500 4375 1.63121032e+01 9.34197054e-04 1.46185479e+01 8.37206587e-04 1.35944665e+01 7.78557202e-04
50 4375 2.12430004e+01 -nan 1.90375095e+01 -nan 1.77038640e+01 -nan
600 4375 1.59713900e+01 8.05037897e-04 1.43132082e+01 7.21457620e-04 1.33105169e+01 6.70917094e-04
60 4375 2.08247161e+01 -nan 1.86626523e+01 -nan 1.73552669e+01 -nan
75 4375 2.03177545e+01 -nan 1.82083245e+01 -nan 1.69327664e+01 -nan
800 4375 1.54328621e+01 6.16640646e-04 1.38305914e+01 5.52619871e-04 1.28617091e+01 5.13906602e-04
90 4375 1.99095823e+01 -nan 1.78425295e+01 -nan 1.65925967e+01 -nan
100 4500 0.00000000e+00 -nan 0.00000000e+00 -nan 0.00000000e+00 -nan
110 4500 1.94894602e+01 -nan 1.74660254e+01 -nan 1.62424679e+01 -nan
125 4500 1.92193153e+01 3.25307557e-03 1.72239274e+01 2.91534924e-03 1.60173298e+01 2.71109353e-03
150 4500 1.87044323e+01 -nan 1.67625006e+01 -nan 1.55882276e+01 -nan
175 4500 1.85075539e+01 -nan 1.65860626e+01 -nan 1.54241497e+01 -nan
200 4500 1.81115142e+01 -nan 1.62311405e+01 -nan 1.50940912e+01 -nan
20 4500 2.35650806e+01 6.98808854e-03 2.11185067e+01 6.26257213e-03 1.96390799e+01 5.82385563e-03
225 4500 1.78760863e+01 -nan 1.60201552e+01 -nan 1.48978861e+01 -nan
250 4500 1.76683102e+01 -nan 1.58339508e+01 -nan 1.47247261e+01 -nan
275 4500 1.74822336e+01 2.48962841e-04 1.56671931e+01 2.23113627e-04 1.45696503e+01 2.07484104e-04
300 4500 1.73109894e+01 5.95484007e-04 1.55137278e+01 5.33658677e-04 1.44269358e+01 4.96276009e-04
30 4500 2.24936838e+01 3.01648034e-03 2.01583444e+01 2.70330369e-03 1.87461805e+01 2.51392782e-03
350 4500 1.70082198e+01 7.57342490e-04 1.52423923e+01 6.78712906e-04 1.41746083e+01 6.31166523e-04
400 4500 1.67473285e+01 9.55802019e-04 1.50085873e+01 8.56568156e-04 1.39571822e+01 7.96562369e-04
40 4500 2.17922234e+01 1.83218933e-03 1.95297111e+01 1.64196597e-03 1.81615851e+01 1.52694153e-03
500 4500 1.63177194e+01 9.71132081e-04 1.46235811e+01 8.70307398e-04 1.35991471e+01 8.09339338e-04
50 4500 2.12660793e+01 -nan 1.90581923e+01 -nan 1.77230980e+01 -nan
600 4500 1.59769560e+01 8.66797074e-04 1.43181964e+01 7.76804621e-04 1.33151556e+01 7.22386893e-04
60 4500 2.08485596e+01 -nan 1.86840203e+01 -nan 1.73751380e+01 -nan
75 4500 2.03418588e+01 -nan 1.82299262e+01 -nan 1.69528548e+01 -nan
800 4500 1.54376800e+01 6.87371735e-04 1.38349091e+01 6.16007870e-04 1.28657244e+01 5.72854550e-04
90 4500 1.99331384e+01 -nan 1.78636400e+01 -nan 1.66122283e+01 -nan
100 4625 1.97170909e+01 -nan 1.76700230e+01 -nan 1.64321748e+01 -nan
110 4625 1.95050925e+01 -nan 1.74800347e+01 -nan 1.62554959e+01 -nan
125 4625 1.92315610e+01 -nan 1.72349018e+01 -nan 1.60275354e+01 -nan
150 4625 1.87092522e+01 -nan 1.67668201e+01 -nan 1.55922445e+01 -nan
175 4625 1.83965659e+01 -nan 1.64865975e+01 -nan 1.53316526e+01 -nan
200 4625 1.81217680e+01 -nan 1.62403297e+01 -nan 1.51026367e+01 -nan
20 4625 2.36142639e+01 7.56919973e-03 2.11625837e+01 6.78335077e-03 1.96800691e+01 6.30815325e-03
225 4625 1.78894297e+01 -nan 1.60321133e+01 -nan 1.49090065e+01 -nan
250 4625 1.76792834e+01 -nan 1.58437848e+01 -nan 1.47338711e+01 -nan
275 4625 1.74929503e+01 -nan 1.56767971e+01 -nan 1.45785816e+01 -nan
300 4625 1.73208850e+01 3.23504362e-04 1.55225960e+01 2.89917292e-04 1.44351828e+01 2.69605934e-04
30 4625 0.00000000e+00 -nan 0.00000000e+00 -nan 0.00000000e+00 -nan
350 4625 1.70170233e+01 8.24603529e-04 1.52502818e+01 7.38991298e-04 1.41819452e+01 6.87221813e-04
400 4625 1.67552666e+01 9.71212298e-04 1.50157012e+01 8.70379164e-04 1.39637978e+01 8.09404985e-04
40 4625 0.00000000e+00 -nan 0.00000000e+00 -nan 0.00000000e+00 -nan
500 4625 1.63249828e+01 9.72971348e-04 1.46300904e+01 8.71955191e-04 1.36052003e+01 8.10871606e-04
50 4625 2.12898319e+01 -nan 1.90794789e+01 -nan 1.77428933e+01 -nan
600 4625 1.59820428e+01 8.70117456e-04 1.43227551e+01 7.79779990e-04 1.33193950e+01 7.25153672e-04
60 4625 0.00000000e+00 -nan 0.00000000e+00 -nan 0.00000000e+00 -nan
75 4625 2.03583637e+01 -nan 1.82447176e+01 -nan 1.69666100e+01 -nan
800 4625 1.54425154e+01 7.40444632e-04 1.38392425e+01 6.63570036e-04 1.28697541e+01 6.17085183e-04
90 4625 1.99523855e+01 -nan 1.78808888e+01 -nan 1.66282687e+01 -nan
100 4750 1.97367345e+01 -nan 1.76876271e+01 -nan 1.64485457e+01 -nan
110 4750 1.95252883e+01 -nan 1.74981337e+01 -nan 1.62723270e+01 -nan
125 4750 1.92508309e+01 -nan 1.72521711e+01 -nan 1.60435949e+01 -nan
150 4750 1.87493860e+01 4.55344235e-04 1.68027872e+01 4.08065271e-04 1.56256920e+01 3.79488601e-04
175 4750 1.84138178e+01 -nan 1.65020583e+01 -nan 1.53460302e+01 -nan
200 4750 1.81356328e+01 -nan 1.62527550e+01 -nan 1.51141915e+01 -nan
20 4750 2.36602634e+01 7.93416793e-03 2.12038074e+01 7.11042723e-03 1.97184050e+01 6.61231529e-03
225 4750 1.79003542e+01 -nan 1.60419035e+01 -nan 1.49181110e+01 -nan
250 4750 1.76893562e+01 -nan 1.58528118e+01 -nan 1.47422658e+01 -nan
275 4750 1.75019895e+01 -nan 1.56848978e+01 -nan 1.45861148e+01 -nan
300 4750 1.73295597e+01 -nan 1.55303701e+01 -nan 1.44424122e+01 -nan
30 4750 2.25544633e+01 4.32637546e-03 2.02128137e+01 3.87720150e-03 1.87968340e+01 3.60559034e-03
350 4750 1.70252569e+01 4.69446036e-04 1.52576605e+01 4.20707971e-04 1.41888070e+01 3.91235513e-04
400 4750 1.67625229e+01 8.57895145e-04 1.50222042e+01 7.68826887e-04 1.39698452e+01 7.14967941e-04
40 4750 2.18483538e+01 8.43026461e-03 1.95800139e+01 7.55502300e-03 1.82083641e+01 7.02576455e-03
500 4750 1.63313800e+01 9.23296180e-04 1.46358234e+01 8.27437667e-04 1.36105317e+01 7.69473176e-04
50 4750 2.13087215e+01 -nan 1.90964073e+01 -nan 1.77586358e+01 -nan
600 4750 1.59883054e+01 8.93549257e-04 1.43283675e+01 8.00779610e-04 1.33246142e+01 7.44682174e-04
60 4750 2.08886844e+01 -nan 1.87199793e+01 -nan 1.74085779e+01 -nan
75 4750 2.03823641e+01 -nan 1.82662262e+01 -nan 1.69866118e+01 -nan
800 4750 1.54468240e+01 7.65646353e-04 1.38431037e+01 6.86155942e-04 1.28733449e+01 6.38087585e-04
90 4750 1.99683547e+01 -nan 1.78952000e+01 -nan 1.66415774e+01 -nan
100 4875 1.97513595e+01 -nan 1.77007338e+01 -nan 1.64607342e+01 -nan
110 4875 1.95452046e+01 -nan 1.75159823e+01 -nan 1.62889252e+01 -nan
125 4875 1.92654237e+01 -nan 1.72652488e+01 -nan 1.60557565e+01 -nan
150 4875 1.88741920e+01 -nan 1.69146356e+01 -nan 1.57297050e+01 -nan
175 4875 1.84308774e+01 -nan 1.65173467e+01 -nan 1.53602476e+01 -nan
200 4875 1.81507936e+01 -nan 1.62663418e+01 -nan 1.51268265e+01 -nan
20 4875 0.00000000e+00 -nan 0.00000000e+00 -nan 0.00000000e+00 -nan
225 4875 1.79104930e+01 -nan 1.60509897e+01 -nan 1.49265606e+01 -nan
250 4875 1.77030068e+01 -nan 1.58650452e+01 -nan 1.47536422e+01 -nan
275 4875 1.75115284e+01 -nan 1.56934464e+01 -nan 1.45940645e+01 -nan
300 4875 1.73392691e+01 -nan 1.55390714e+01 -nan 1.44505040e+01 -nan
30 4875 2.25921056e+01 4.37068834e-03 2.02465479e+01 3.91691488e-03 1.88282050e+01 3.64252257e-03
350 4875 1.70341037e+01 2.23231304e-04 1.52655889e+01 2.00054178e-04 1.41961799e+01 1.86043653e-04
400 4875 1.67696700e+01 6.32094310e-04 1.50286093e+01 5.66469495e-04 1.39758015e+01 5.26784987e-04
40 4875 0.00000000e+00 -nan 0.00000000e+00 -nan 0.00000000e+00 -nan
500 4875 1.63378785e+01 9.42014631e-04 1.46416472e+01 8.44212832e-04 1.36159476e+01 7.85072305e-04
50 4875 2.13411758e+01 -nan 1.91254921e+01 -nan 1.77856832e+01 -nan
600 4875 1.59933746e+01 9.21951546e-04 1.43329104e+01 8.26232235e-04 1.33288389e+01 7.68351920e-04
60 4875 2.09135336e+01 -nan 1.87422486e+01 -nan 1.74292872e+01 -nan
75 4875 2.04040232e+01 -nan 1.82856366e+01 -nan 1.70046625e+01 -nan
800 4875 1.54518095e+01 7.92793702e-04 1.38475717e+01 7.10483716e-04 1.28774998e+01 6.60711811e-04
90 4875 1.99873343e+01 -nan 1.79122092e+01 -nan 1.66573950e+01 -nan
100 5000 0.00000000e+00 -nan 0.00000000e+00 -nan 0.00000000e+00 -nan
110 5000 1.95634330e+01 -nan 1.75323182e+01 -nan 1.63041167e+01 -nan
125 5000 1.92834214e+01 -nan 1.72813779e+01 -nan 1.60707557e+01 -nan
150 5000 1.88937909e+01 -nan 1.69321996e+01 -nan 1.57460386e+01 -nan
175 5000 1.85672905e+01 -nan 1.66395972e+01 -nan 1.54739340e+01 -nan
200 5000 1.81653141e+01 -nan 1.62793548e+01 -nan 1.51389279e+01 -nan
20 5000 2.37418893e+01 6.85475211e-03 2.12769588e+01 6.14307810e-03 1.97864318e+01 5.71273350e-03
225 5000 1.79244451e+01 -nan 1.60634933e+01 -nan 1.49381883e+01 -nan
250 5000 1.77122051e+01 -nan 1.58732885e+01 -nan 1.47613080e+01 -nan
275 5000 1.75226289e+01 -nan 1.57033944e+01 -nan 1.46033156e+01 -nan
300 5000 1.73493698e+01 -nan 1.55481234e+01 -nan 1.44589219e+01 -nan
30 5000 2.26237522e+01 1.61971461e-02 2.02749088e+01 1.45155275e-02 1.88545791e+01 1.34986670e-02
350 5000 1.70415736e+01 -nan 1.52722833e+01 -nan 1.42024053e+01 -nan
400 5000 1.67777727e+01 5.72781862e-04 1.50358707e+01 5.13314747e-04 1.39825543e+01 4.77354556e-04
40 5000 2.18961178e+01 2.67200552e-03 1.96228190e+01 2.39459123e-03 1.82481705e+01 2.22684254e-03
500 5000 1.63444117e+01 8.06598875e-04 1.46475021e+01 7.22855096e-04 1.36213923e+01 6.72217039e-04
50 5000 2.13615636e+01 -nan 1.91437632e+01 -nan 1.78026743e+01 -nan
600 5000 1.59993522e+01 8.85057766e-04 1.43382674e+01 7.93169577e-04 1.33338206e+01 7.37605341e-04
60 5000 2.09342312e+01 -nan 1.87607973e+01 -nan 1.74465365e+01 -nan
75 5000 0.00000000e+00 -nan 0.00000000e+00 -nan 0.00000000e+00 -nan
800 5000 1.54565109e+01 8.28572124e-04 1.38517850e+01 7.42548383e-04 1.28814180e+01 6.90530341e-04
90 5000 2.00090845e+01 -nan 1.79317012e+01 -nan 1.66755215e+01 -nan
100 500 1.87956597e+01 8.01365570e-04 1.68442566e+01 7.18164720e-04 1.56642564e+01 6.67855278e-04
200 500 1.76523406e+01 -nan 1.58196392e+01 -nan 1.47114170e+01 -nan
300 500 1.70063107e+01 2.22264185e-04 1.52406814e+01 1.99187982e-04 1.41730173e+01 1.85234123e-04
400 500 1.65164947e+01 1.59734318e-04 1.48017191e+01 1.43149922e-04 1.37648059e+01 1.33122220e-04
600 500 1.58348198e+01 -nan 1.41908171e+01 -nan 1.31966997e+01 -nan
